Date,Open,High,Low,Close,Volume,Name
2020-04-07 06:30:00,130.17,130.17,130.17,130.17,0,LH
2020-04-07 09:30:00,133.75,134.42,132.73,133.46,33085,LH
2020-04-07 09:35:00,133.28,133.62,130.21,130.27,25868,LH
2020-04-07 09:40:00,130.84,132.45,130.59,130.92,14591,LH
2020-04-07 09:45:00,131.32,131.64,130.54,131.1,16784,LH
2020-04-07 09:50:00,131.63,132.39,130.85,131.76,17765,LH
2020-04-07 09:55:00,132.41,133.0,131.62,132.75,16870,LH
2020-04-07 10:00:00,132.6,133.01,132.23,132.84,9802,LH
2020-04-07 10:05:00,132.97,133.78,132.97,133.25,7949,LH
2020-04-07 10:10:00,133.59,133.71,132.84,132.84,14419,LH
2020-04-07 10:15:00,132.87,133.45,132.41,133.02,5210,LH
2020-04-07 10:20:00,133.18,133.18,131.76,132.17,8131,LH
2020-04-07 10:25:00,132.0,133.45,131.95,132.74,12122,LH
2020-04-07 10:30:00,133.03,133.64,132.9,133.53,18765,LH
2020-04-07 10:35:00,133.48,133.65,131.93,132.1,27645,LH
2020-04-07 10:40:00,131.94,132.97,131.9,132.51,17472,LH
2020-04-07 10:45:00,132.79,133.36,132.36,132.87,12959,LH
2020-04-07 10:50:00,132.85,133.24,132.04,132.64,23850,LH
2020-04-07 10:55:00,132.97,134.89,132.72,134.76,28556,LH
2020-04-07 11:00:00,134.67,135.9,134.35,135.53,36795,LH
2020-04-07 11:05:00,135.45,136.93,135.3,136.92,25394,LH
2020-04-07 11:10:00,136.76,137.69,136.23,136.98,61721,LH
2020-04-07 11:15:00,137.02,137.47,136.33,136.74,34365,LH
2020-04-07 11:20:00,136.74,137.31,136.48,137.26,29452,LH
2020-04-07 11:25:00,137.1,137.95,136.63,137.93,25493,LH
2020-04-07 11:30:00,137.71,138.9,137.68,138.2,83071,LH
2020-04-07 11:35:00,138.43,139.72,138.22,139.61,22246,LH
2020-04-07 11:40:00,139.47,140.82,139.34,140.72,31993,LH
2020-04-07 11:45:00,140.38,140.98,139.71,140.1,37072,LH
2020-04-07 11:50:00,140.04,140.24,139.44,139.9,35993,LH
2020-04-07 11:55:00,139.82,139.9,138.43,138.74,136528,LH
2020-04-07 12:00:00,139.1,139.93,138.44,139.79,15000,LH
2020-04-07 12:05:00,139.82,140.95,139.74,140.55,24729,LH
2020-04-07 12:10:00,140.28,141.49,140.28,140.82,37324,LH
2020-04-07 12:15:00,140.82,141.63,140.7,141.16,16350,LH
2020-04-07 12:20:00,140.84,141.28,139.82,139.98,14374,LH
2020-04-07 12:25:00,140.52,140.65,139.4,140.65,14223,LH
2020-04-07 12:30:00,140.34,141.33,140.0,140.44,17254,LH
2020-04-07 12:35:00,140.94,141.37,140.43,140.53,30480,LH
2020-04-07 12:40:00,140.28,141.0,139.65,139.93,11915,LH
2020-04-07 12:45:00,140.16,140.75,139.69,140.11,7213,LH
2020-04-07 12:50:00,140.65,140.65,139.99,140.34,7214,LH
2020-04-07 12:55:00,140.21,140.39,139.84,140.16,11616,LH
2020-04-07 13:00:00,140.14,141.2,139.87,140.26,14898,LH
2020-04-07 13:05:00,140.43,140.71,139.66,139.68,6980,LH
2020-04-07 13:10:00,139.37,139.57,139.06,139.49,6340,LH
2020-04-07 13:15:00,139.5,139.5,138.93,138.95,4211,LH
2020-04-07 13:20:00,139.21,139.46,138.85,139.46,7579,LH
2020-04-07 13:25:00,139.21,139.61,138.64,138.78,7535,LH
2020-04-07 13:30:00,138.36,138.78,137.57,137.57,11756,LH
2020-04-07 13:35:00,137.52,138.16,137.22,137.44,8804,LH
2020-04-07 13:40:00,137.88,138.74,137.38,138.36,13249,LH
2020-04-07 13:45:00,138.2,138.29,138.09,138.29,2256,LH
2020-04-07 13:50:00,137.85,138.78,137.6,138.31,16814,LH
2020-04-07 13:55:00,138.62,138.62,137.79,137.83,9073,LH
2020-04-07 14:00:00,138.28,138.59,137.82,138.3,15506,LH
2020-04-07 14:05:00,138.1,138.25,137.3,137.58,28017,LH
2020-04-07 14:10:00,137.64,138.14,137.46,137.62,6226,LH
2020-04-07 14:15:00,137.48,137.76,136.8,136.91,11599,LH
2020-04-07 14:20:00,136.75,136.96,136.32,136.38,10947,LH
2020-04-07 14:25:00,136.43,137.4,135.53,135.53,23085,LH
2020-04-07 14:30:00,135.6,136.16,135.3,135.75,19503,LH
2020-04-07 14:35:00,135.52,135.76,134.46,134.46,10663,LH
2020-04-07 14:40:00,134.47,134.74,134.2,134.4,8165,LH
2020-04-07 14:45:00,134.67,135.18,134.53,134.88,5116,LH
2020-04-07 14:50:00,134.63,134.89,133.86,133.86,10019,LH
2020-04-07 14:55:00,133.71,134.09,133.4,133.47,11274,LH
2020-04-07 15:00:00,133.69,134.16,133.51,133.81,12193,LH
2020-04-07 15:05:00,133.96,134.65,133.82,134.46,13744,LH
2020-04-07 15:10:00,134.49,134.63,134.18,134.3,5563,LH
2020-04-07 15:15:00,134.31,134.31,133.6,133.6,10935,LH
2020-04-07 15:20:00,133.58,133.74,133.04,133.04,13916,LH
2020-04-07 15:25:00,133.21,134.11,133.04,133.39,13014,LH
2020-04-07 15:30:00,133.58,134.42,133.38,134.42,13750,LH
2020-04-07 15:35:00,134.23,134.7,133.84,134.2,19665,LH
2020-04-07 15:40:00,134.45,134.62,134.08,134.54,14021,LH
2020-04-07 15:45:00,134.66,135.87,134.5,135.87,21276,LH
2020-04-07 15:50:00,135.37,135.67,133.88,134.45,39998,LH
2020-04-07 15:55:00,134.46,134.46,133.53,133.69,53524,LH
2020-04-07 16:00:00,133.45,133.45,133.45,133.45,0,LH
2020-04-07 16:15:00,133.45,136.45,133.45,136.45,0,LH
2020-04-07 16:25:00,136.46,136.46,136.46,136.46,0,LH
2020-04-07 16:35:00,133.45,133.45,133.45,133.45,0,LH
2020-04-07 17:10:00,133.45,133.45,133.45,133.45,0,LH
2020-04-07 19:35:00,134.0,134.0,134.0,134.0,0,LH
2020-04-08 09:30:00,135.34,136.4,134.59,136.1,18120,LH
2020-04-08 09:35:00,136.12,137.32,135.65,136.82,6441,LH
2020-04-08 09:40:00,136.74,137.03,135.62,136.07,5998,LH
2020-04-08 09:45:00,136.25,137.68,135.97,136.55,12599,LH
2020-04-08 09:50:00,136.42,136.77,135.99,136.16,8814,LH
2020-04-08 09:55:00,136.16,136.6,135.8,135.87,3020,LH
2020-04-08 10:00:00,135.66,136.34,135.61,135.81,6803,LH
2020-04-08 10:05:00,135.84,136.61,135.74,136.04,7964,LH
2020-04-08 10:10:00,136.37,136.42,135.95,135.98,7457,LH
2020-04-08 10:15:00,135.93,137.0,135.64,136.85,8730,LH
2020-04-08 10:20:00,136.7,137.4,136.58,137.4,5949,LH
2020-04-08 10:25:00,137.4,138.63,137.11,138.25,8595,LH
2020-04-08 10:30:00,138.29,138.54,137.49,138.31,10282,LH
2020-04-08 10:35:00,137.97,138.45,137.95,137.95,4605,LH
2020-04-08 10:40:00,138.26,138.5,137.26,138.01,7843,LH
2020-04-08 10:45:00,138.01,138.79,138.01,138.45,21051,LH
2020-04-08 10:50:00,138.65,138.73,138.44,138.49,9960,LH
2020-04-08 10:55:00,138.27,138.27,137.43,138.08,6339,LH
2020-04-08 11:00:00,137.97,138.6,137.78,138.6,17184,LH
2020-04-08 11:05:00,138.81,139.35,138.73,139.35,4918,LH
2020-04-08 11:10:00,139.36,139.44,138.86,139.16,27550,LH
2020-04-08 11:15:00,139.31,139.99,139.31,139.67,6396,LH
2020-04-08 11:20:00,139.65,139.96,139.41,139.41,8722,LH
2020-04-08 11:25:00,139.35,140.2,139.0,139.94,13688,LH
2020-04-08 11:30:00,139.89,140.1,139.71,140.1,7368,LH
2020-04-08 11:35:00,139.93,140.16,139.8,140.07,5894,LH
2020-04-08 11:40:00,140.2,140.57,140.08,140.32,4738,LH
2020-04-08 11:45:00,140.15,140.9,140.15,140.6,5717,LH
2020-04-08 11:50:00,140.43,140.43,139.61,140.11,2867,LH
2020-04-08 11:55:00,140.15,140.22,139.61,139.61,1736,LH
2020-04-08 12:00:00,139.85,139.85,139.33,139.68,2958,LH
2020-04-08 12:05:00,139.52,139.61,139.37,139.37,1029,LH
2020-04-08 12:10:00,139.37,139.37,138.99,139.0,3544,LH
2020-04-08 12:15:00,139.18,139.76,138.8,139.55,12789,LH
2020-04-08 12:20:00,139.48,139.72,139.29,139.6,4960,LH
2020-04-08 12:25:00,139.25,139.33,138.15,138.16,9205,LH
2020-04-08 12:30:00,138.3,139.32,138.3,139.32,7499,LH
2020-04-08 12:35:00,139.37,139.66,138.85,139.64,8267,LH
2020-04-08 12:40:00,139.54,139.9,139.18,139.9,4856,LH
2020-04-08 12:45:00,139.71,140.39,139.71,140.19,3553,LH
2020-04-08 12:50:00,140.11,140.11,139.37,139.46,5841,LH
2020-04-08 12:55:00,139.45,139.45,138.94,139.27,5184,LH
2020-04-08 13:00:00,139.34,140.1,139.34,140.1,7203,LH
2020-04-08 13:05:00,139.87,140.3,139.79,139.79,3806,LH
2020-04-08 13:10:00,139.5,140.27,139.5,140.13,3751,LH
2020-04-08 13:15:00,140.28,140.4,140.17,140.4,2129,LH
2020-04-08 13:20:00,140.38,140.84,140.22,140.6,4392,LH
2020-04-08 13:25:00,140.59,140.93,140.47,140.56,8579,LH
2020-04-08 13:30:00,140.56,141.34,140.56,141.21,11172,LH
2020-04-08 13:35:00,141.11,141.47,140.69,141.34,10673,LH
2020-04-08 13:40:00,141.43,141.79,141.43,141.77,8634,LH
2020-04-08 13:45:00,141.81,142.13,141.59,141.61,10743,LH
2020-04-08 13:50:00,141.6,142.03,141.5,141.5,5676,LH
2020-04-08 13:55:00,141.48,141.7,141.05,141.7,3626,LH
2020-04-08 14:00:00,141.71,142.6,141.71,142.37,12077,LH
2020-04-08 14:05:00,142.35,142.78,142.07,142.61,8807,LH
2020-04-08 14:10:00,142.79,142.79,142.15,142.6,6531,LH
2020-04-08 14:15:00,142.72,143.07,142.67,142.94,7913,LH
2020-04-08 14:20:00,143.0,143.2,142.63,143.11,6920,LH
2020-04-08 14:25:00,143.42,143.62,142.92,142.98,9133,LH
2020-04-08 14:30:00,143.09,143.99,143.09,143.65,8171,LH
2020-04-08 14:35:00,143.65,143.85,143.58,143.7,10632,LH
2020-04-08 14:40:00,143.71,143.76,143.45,143.45,16844,LH
2020-04-08 14:45:00,143.41,143.41,142.77,142.77,8624,LH
2020-04-08 14:50:00,142.89,143.41,142.89,143.0,16002,LH
2020-04-08 14:55:00,143.13,143.87,143.05,143.52,13831,LH
2020-04-08 15:00:00,143.84,143.98,143.42,143.85,12826,LH
2020-04-08 15:05:00,143.87,144.72,143.75,144.7,13465,LH
2020-04-08 15:10:00,144.69,144.75,144.06,144.06,18977,LH
2020-04-08 15:15:00,143.93,144.17,143.56,144.09,13334,LH
2020-04-08 15:20:00,144.08,144.12,143.47,143.7,14244,LH
2020-04-08 15:25:00,143.82,144.48,143.82,144.29,15988,LH
2020-04-08 15:30:00,144.19,144.93,144.19,144.89,32085,LH
2020-04-08 15:35:00,144.67,144.69,143.3,143.73,36982,LH
2020-04-08 15:40:00,143.73,143.93,143.4,143.72,17812,LH
2020-04-08 15:45:00,143.67,143.69,142.22,142.54,46741,LH
2020-04-08 15:50:00,142.54,143.25,141.73,142.07,87595,LH
2020-04-08 15:55:00,142.09,142.12,140.34,141.12,179747,LH
2020-04-08 16:00:00,141.16,141.16,141.16,141.16,0,LH
2020-04-08 16:15:00,141.16,141.16,141.16,141.16,0,LH
2020-04-08 16:20:00,141.16,141.16,141.16,141.16,0,LH
2020-04-08 16:25:00,141.17,141.17,141.17,141.17,0,LH
2020-04-08 16:35:00,141.16,141.16,141.16,141.16,0,LH
2020-04-08 18:25:00,142.0,142.0,142.0,142.0,0,LH
2020-04-09 09:30:00,144.67,144.67,142.0,143.83,30430,LH
2020-04-09 09:35:00,144.88,146.43,144.31,144.88,14491,LH
2020-04-09 09:40:00,145.03,148.06,145.0,147.85,11025,LH
2020-04-09 09:45:00,147.85,148.24,146.82,147.13,11344,LH
2020-04-09 09:50:00,147.21,147.8,146.09,146.88,13065,LH
2020-04-09 09:55:00,147.02,148.29,146.88,147.82,13456,LH
2020-04-09 10:00:00,147.66,148.79,146.51,148.17,13620,LH
2020-04-09 10:05:00,148.78,148.79,147.72,148.54,16383,LH
2020-04-09 10:10:00,148.33,148.73,147.35,147.84,11825,LH
2020-04-09 10:15:00,147.59,147.78,146.74,146.79,16718,LH
2020-04-09 10:20:00,146.99,147.2,146.02,146.36,12452,LH
2020-04-09 10:25:00,146.35,147.18,146.29,146.29,9509,LH
2020-04-09 10:30:00,146.64,146.64,145.76,145.8,10661,LH
2020-04-09 10:35:00,145.88,146.63,145.88,146.22,6861,LH
2020-04-09 10:40:00,146.21,147.0,145.87,146.4,14658,LH
2020-04-09 10:45:00,146.66,146.97,146.12,146.46,8861,LH
2020-04-09 10:50:00,145.8,146.28,145.46,146.04,4633,LH
2020-04-09 10:55:00,146.05,147.0,146.04,146.93,5040,LH
2020-04-09 11:00:00,146.39,146.39,145.87,145.87,4758,LH
2020-04-09 11:05:00,145.86,145.99,145.29,145.72,5593,LH
2020-04-09 11:10:00,146.48,146.48,145.41,145.58,4287,LH
2020-04-09 11:15:00,145.95,145.99,145.23,145.27,6325,LH
2020-04-09 11:20:00,145.35,145.85,145.33,145.77,6772,LH
2020-04-09 11:25:00,145.75,145.79,145.35,145.74,6659,LH
2020-04-09 11:30:00,145.43,145.54,145.21,145.43,12480,LH
2020-04-09 11:35:00,145.22,145.81,145.19,145.81,12326,LH
2020-04-09 11:40:00,145.85,146.04,145.23,145.79,26985,LH
2020-04-09 11:45:00,145.57,146.08,145.57,145.78,16423,LH
2020-04-09 11:50:00,145.87,146.15,145.5,146.15,18438,LH
2020-04-09 11:55:00,146.09,147.28,145.96,147.28,13931,LH
2020-04-09 12:00:00,147.44,147.56,146.85,147.07,7455,LH
2020-04-09 12:05:00,147.15,147.35,146.73,147.01,4157,LH
2020-04-09 12:10:00,147.07,147.2,146.86,147.04,2439,LH
2020-04-09 12:15:00,147.25,147.47,147.01,147.34,5216,LH
2020-04-09 12:20:00,147.52,147.98,147.32,147.58,7267,LH
2020-04-09 12:25:00,147.73,147.75,146.95,147.18,5244,LH
2020-04-09 12:30:00,147.28,147.65,146.99,146.99,6633,LH
2020-04-09 12:35:00,147.29,148.73,147.02,148.43,11088,LH
2020-04-09 12:40:00,148.5,148.58,148.26,148.53,886,LH
2020-04-09 12:45:00,148.5,148.63,148.21,148.38,3661,LH
2020-04-09 12:50:00,148.25,148.99,148.25,148.5,353981,LH
2020-04-09 12:55:00,148.46,148.97,148.21,148.76,4457,LH
2020-04-09 13:00:00,148.99,149.05,148.44,148.99,6295,LH
2020-04-09 13:05:00,148.72,149.09,148.51,149.09,5457,LH
2020-04-09 13:10:00,148.96,148.96,148.5,148.66,7439,LH
2020-04-09 13:15:00,148.61,148.96,148.33,148.96,6408,LH
2020-04-09 13:20:00,148.75,148.85,148.47,148.59,4595,LH
2020-04-09 13:25:00,148.52,149.12,148.21,149.12,6190,LH
2020-04-09 13:30:00,149.28,149.66,149.05,149.1,8452,LH
2020-04-09 13:35:00,149.17,149.34,148.66,148.88,9839,LH
2020-04-09 13:40:00,149.04,149.36,148.68,148.96,7793,LH
2020-04-09 13:45:00,148.85,149.04,148.59,148.86,6312,LH
2020-04-09 13:50:00,148.87,148.87,148.27,148.57,12171,LH
2020-04-09 13:55:00,148.78,149.17,148.69,148.79,7160,LH
2020-04-09 14:00:00,148.61,148.97,148.0,148.0,7533,LH
2020-04-09 14:05:00,147.88,148.15,147.37,147.61,10893,LH
2020-04-09 14:10:00,147.63,147.79,147.19,147.19,7660,LH
2020-04-09 14:15:00,147.16,147.47,146.7,146.85,9606,LH
2020-04-09 14:20:00,146.8,147.33,146.69,147.21,13042,LH
2020-04-09 14:25:00,147.29,147.81,147.29,147.47,18509,LH
2020-04-09 14:30:00,147.41,147.81,147.15,147.15,8908,LH
2020-04-09 14:35:00,147.18,147.76,147.18,147.53,5996,LH
2020-04-09 14:40:00,147.59,147.59,146.79,146.97,5812,LH
2020-04-09 14:45:00,147.12,147.29,145.59,145.59,6944,LH
2020-04-09 14:50:00,145.86,145.88,145.07,145.38,21302,LH
2020-04-09 14:55:00,145.43,145.61,144.65,145.17,30491,LH
2020-04-09 15:00:00,145.24,146.59,144.88,146.1,20272,LH
2020-04-09 15:05:00,146.12,146.97,145.89,146.4,11317,LH
2020-04-09 15:10:00,146.57,147.24,146.33,146.97,10365,LH
2020-04-09 15:15:00,147.07,147.92,146.96,147.31,18278,LH
2020-04-09 15:20:00,147.4,147.56,145.72,145.76,12293,LH
2020-04-09 15:25:00,145.73,146.75,145.36,146.75,15351,LH
2020-04-09 15:30:00,146.58,148.24,146.58,147.88,25553,LH
2020-04-09 15:35:00,147.97,147.97,146.52,147.16,15060,LH
2020-04-09 15:40:00,147.36,147.36,146.29,146.36,16046,LH
2020-04-09 15:45:00,146.36,147.44,146.35,147.07,30760,LH
2020-04-09 15:50:00,147.21,147.61,146.52,147.22,41047,LH
2020-04-09 15:55:00,147.45,147.64,146.37,146.72,55574,LH
2020-04-09 16:00:00,146.64,146.8,146.64,146.8,84318,LH
2020-04-09 16:15:00,146.8,146.8,146.8,146.8,0,LH
2020-04-09 16:20:00,146.8,146.8,146.8,146.8,0,LH
2020-04-09 16:25:00,147.24,147.24,147.24,147.24,0,LH
2020-04-09 17:50:00,146.8,146.8,146.8,146.8,0,LH
2020-04-13 09:30:00,147.91,148.19,143.99,144.22,23951,LH
2020-04-13 09:35:00,144.01,145.01,142.32,142.69,7144,LH
2020-04-13 09:40:00,142.75,142.84,141.52,142.22,8717,LH
2020-04-13 09:45:00,142.03,142.33,140.68,141.4,7063,LH
2020-04-13 09:50:00,141.06,141.19,140.44,141.04,9378,LH
2020-04-13 09:55:00,141.18,141.78,141.18,141.41,2549,LH
2020-04-13 10:00:00,141.65,142.24,141.1,142.21,8591,LH
2020-04-13 10:05:00,141.93,142.28,141.62,142.0,2711,LH
2020-04-13 10:10:00,142.12,142.56,141.62,141.92,3541,LH
2020-04-13 10:15:00,141.95,142.0,141.1,141.1,7817,LH
2020-04-13 10:20:00,141.37,141.37,140.64,140.68,8718,LH
2020-04-13 10:25:00,141.15,141.47,141.01,141.01,3982,LH
2020-04-13 10:30:00,141.52,141.55,141.05,141.49,5098,LH
2020-04-13 10:35:00,141.48,141.48,140.75,141.12,5732,LH
2020-04-13 10:40:00,140.97,141.37,140.9,141.12,4403,LH
2020-04-13 10:45:00,141.04,141.18,140.77,140.77,3619,LH
2020-04-13 10:50:00,140.61,140.64,140.16,140.41,18164,LH
2020-04-13 10:55:00,140.51,140.67,140.35,140.54,5005,LH
2020-04-13 11:00:00,140.49,140.81,140.14,140.8,5174,LH
2020-04-13 11:05:00,140.67,140.86,140.58,140.65,5344,LH
2020-04-13 11:10:00,140.6,141.38,140.6,141.15,4610,LH
2020-04-13 11:15:00,141.38,141.47,141.04,141.12,4027,LH
2020-04-13 11:20:00,141.05,141.51,141.05,141.43,3398,LH
2020-04-13 11:25:00,141.51,141.8,141.48,141.8,3222,LH
2020-04-13 11:30:00,141.79,142.07,141.62,141.77,7633,LH
2020-04-13 11:35:00,141.68,141.77,141.44,141.54,4123,LH
2020-04-13 11:40:00,141.39,141.53,141.18,141.29,2761,LH
2020-04-13 11:45:00,141.18,141.81,141.18,141.81,4760,LH
2020-04-13 11:50:00,141.55,141.55,141.35,141.43,1905,LH
2020-04-13 11:55:00,141.6,141.9,141.29,141.29,7774,LH
2020-04-13 12:00:00,141.52,141.79,141.46,141.79,1946,LH
2020-04-13 12:05:00,141.93,142.17,141.81,141.81,3187,LH
2020-04-13 12:10:00,141.8,142.43,141.8,142.43,3482,LH
2020-04-13 12:15:00,142.6,142.68,142.3,142.3,3451,LH
2020-04-13 12:20:00,142.23,142.46,142.19,142.21,4137,LH
2020-04-13 12:25:00,142.17,142.36,141.79,141.87,2165,LH
2020-04-13 12:30:00,141.69,141.76,141.29,141.43,4780,LH
2020-04-13 12:35:00,141.21,141.43,140.91,141.23,7490,LH
2020-04-13 12:40:00,141.47,141.47,140.95,141.06,1125,LH
2020-04-13 12:45:00,141.07,141.53,141.07,141.35,4588,LH
2020-04-13 12:50:00,141.11,141.11,140.6,140.6,3421,LH
2020-04-13 12:55:00,140.68,140.68,140.67,140.67,1037,LH
2020-04-13 13:00:00,140.43,140.51,140.2,140.43,3189,LH
2020-04-13 13:05:00,140.48,140.75,140.39,140.69,4924,LH
2020-04-13 13:10:00,140.5,140.5,139.84,140.13,4259,LH
2020-04-13 13:15:00,140.01,140.01,139.6,139.93,2979,LH
2020-04-13 13:20:00,139.93,139.93,139.46,139.46,4150,LH
2020-04-13 13:25:00,139.88,139.88,139.42,139.6,3268,LH
2020-04-13 13:30:00,139.5,140.15,139.44,140.06,6824,LH
2020-04-13 13:35:00,139.98,140.5,139.87,140.05,4919,LH
2020-04-13 13:40:00,139.99,140.12,139.74,140.01,6092,LH
2020-04-13 13:45:00,139.99,139.99,139.3,139.48,6927,LH
2020-04-13 13:50:00,139.46,139.67,139.43,139.63,9187,LH
2020-04-13 13:55:00,139.71,139.89,139.71,139.72,2831,LH
2020-04-13 14:00:00,139.7,139.98,139.58,139.98,3394,LH
2020-04-13 14:05:00,139.79,140.27,139.79,140.07,8582,LH
2020-04-13 14:10:00,140.0,140.35,140.0,140.0,15151,LH
2020-04-13 14:15:00,139.99,140.2,139.94,140.17,3619,LH
2020-04-13 14:20:00,139.91,140.04,139.91,140.04,1965,LH
2020-04-13 14:25:00,140.15,140.15,139.74,139.96,2881,LH
2020-04-13 14:30:00,140.1,140.11,139.9,140.03,4480,LH
2020-04-13 14:35:00,139.9,139.99,139.61,139.61,3764,LH
2020-04-13 14:40:00,139.5,139.5,139.02,139.24,6232,LH
2020-04-13 14:45:00,139.46,140.11,139.33,140.11,3230,LH
2020-04-13 14:50:00,140.08,140.1,139.58,139.62,2500,LH
2020-04-13 14:55:00,139.68,140.05,139.61,139.93,5052,LH
2020-04-13 15:00:00,139.92,139.92,139.58,139.58,2452,LH
2020-04-13 15:05:00,139.34,139.65,139.34,139.36,7557,LH
2020-04-13 15:10:00,139.61,139.86,139.5,139.63,5747,LH
2020-04-13 15:15:00,139.64,140.12,139.64,140.02,7832,LH
2020-04-13 15:20:00,140.04,140.21,139.79,139.92,7680,LH
2020-04-13 15:25:00,139.88,140.1,139.74,140.04,6068,LH
2020-04-13 15:30:00,140.07,140.36,139.95,140.13,7398,LH
2020-04-13 15:35:00,140.18,140.3,139.9,140.08,4612,LH
2020-04-13 15:40:00,140.07,140.23,139.75,140.01,7834,LH
2020-04-13 15:45:00,140.22,140.51,139.91,140.47,10454,LH
2020-04-13 15:50:00,140.53,140.53,139.7,140.11,19128,LH
2020-04-13 15:55:00,140.1,140.69,139.9,140.43,30453,LH
2020-04-13 16:00:00,140.16,140.45,140.16,140.45,0,LH
2020-04-13 16:15:00,140.45,140.45,140.45,140.45,0,LH
2020-04-13 17:35:00,140.45,140.45,140.45,140.45,0,LH
2020-04-14 07:15:00,142.0,142.0,142.0,142.0,0,LH
2020-04-14 09:30:00,142.93,143.26,141.38,142.5,18866,LH
2020-04-14 09:35:00,142.82,143.58,141.93,141.93,19161,LH
2020-04-14 09:40:00,142.2,143.03,141.87,143.03,8033,LH
2020-04-14 09:45:00,142.86,142.99,142.05,142.79,6037,LH
2020-04-14 09:50:00,142.82,142.82,142.03,142.4,8856,LH
2020-04-14 09:55:00,142.32,143.04,141.95,142.93,11905,LH
2020-04-14 10:00:00,142.82,142.82,142.32,142.54,3292,LH
2020-04-14 10:05:00,142.29,142.62,142.04,142.58,11248,LH
2020-04-14 10:10:00,142.53,143.09,142.24,142.68,13502,LH
2020-04-14 10:15:00,142.74,143.25,142.62,143.07,11701,LH
2020-04-14 10:20:00,142.82,143.6,142.82,143.6,10274,LH
2020-04-14 10:25:00,143.67,143.81,142.9,143.61,6595,LH
2020-04-14 10:30:00,143.46,143.6,143.12,143.39,5907,LH
2020-04-14 10:35:00,143.63,143.66,143.29,143.51,3490,LH
2020-04-14 10:40:00,143.31,144.03,142.97,143.9,4989,LH
2020-04-14 10:45:00,144.17,144.68,143.85,143.85,6722,LH
2020-04-14 10:50:00,143.76,143.91,143.28,143.41,2938,LH
2020-04-14 10:55:00,142.65,143.29,142.65,143.0,5478,LH
2020-04-14 11:00:00,143.17,143.17,142.61,142.69,3264,LH
2020-04-14 11:05:00,142.66,142.66,142.17,142.6,3162,LH
2020-04-14 11:10:00,142.04,142.04,141.57,141.6,9507,LH
2020-04-14 11:15:00,141.93,142.16,141.56,141.74,5161,LH
2020-04-14 11:20:00,141.93,142.42,141.51,142.2,4849,LH
2020-04-14 11:25:00,142.19,142.54,142.19,142.28,3752,LH
2020-04-14 11:30:00,142.45,142.47,142.16,142.35,2347,LH
2020-04-14 11:35:00,142.35,142.9,142.13,142.48,4513,LH
2020-04-14 11:40:00,142.34,142.98,142.34,142.8,2739,LH
2020-04-14 11:45:00,142.63,142.98,142.34,142.98,4349,LH
2020-04-14 11:50:00,142.76,142.98,142.69,142.69,2733,LH
2020-04-14 11:55:00,142.88,142.91,142.56,142.82,3195,LH
2020-04-14 12:00:00,142.86,143.27,142.86,142.92,3514,LH
2020-04-14 12:05:00,143.13,143.2,142.93,142.94,2858,LH
2020-04-14 12:10:00,142.94,143.13,142.93,143.01,4243,LH
2020-04-14 12:15:00,143.0,143.51,142.91,143.49,7046,LH
2020-04-14 12:20:00,143.2,143.41,142.8,142.82,3234,LH
2020-04-14 12:25:00,142.79,143.06,142.58,142.7,5656,LH
2020-04-14 12:30:00,142.77,143.17,142.58,143.01,6471,LH
2020-04-14 12:35:00,143.11,143.22,142.73,142.95,3450,LH
2020-04-14 12:40:00,142.86,143.29,142.86,142.92,2355,LH
2020-04-14 12:45:00,143.01,143.09,142.87,142.89,2559,LH
2020-04-14 12:50:00,142.9,143.12,142.9,143.12,1432,LH
2020-04-14 12:55:00,143.03,143.04,142.77,142.93,2490,LH
2020-04-14 13:00:00,142.93,143.19,142.79,142.82,2541,LH
2020-04-14 13:05:00,142.82,143.05,142.55,142.78,3689,LH
2020-04-14 13:10:00,142.79,142.99,142.55,142.61,6551,LH
2020-04-14 13:15:00,142.57,142.75,142.35,142.75,4082,LH
2020-04-14 13:20:00,142.63,142.92,142.62,142.92,2739,LH
2020-04-14 13:25:00,142.76,142.96,142.59,142.84,4749,LH
2020-04-14 13:30:00,142.96,143.6,142.94,143.6,6397,LH
2020-04-14 13:35:00,143.6,143.6,143.41,143.51,1574,LH
2020-04-14 13:40:00,143.6,143.73,143.44,143.45,7927,LH
2020-04-14 13:45:00,143.45,143.97,143.42,143.96,6111,LH
2020-04-14 13:50:00,144.03,144.6,144.03,144.43,6678,LH
2020-04-14 13:55:00,144.44,144.51,144.02,144.03,2035,LH
2020-04-14 14:00:00,143.89,144.01,143.51,143.66,3085,LH
2020-04-14 14:05:00,143.54,143.7,143.45,143.45,5114,LH
2020-04-14 14:10:00,143.6,143.73,143.32,143.58,3403,LH
2020-04-14 14:15:00,143.59,144.18,143.32,144.01,6844,LH
2020-04-14 14:20:00,143.93,144.19,143.64,143.82,12239,LH
2020-04-14 14:25:00,143.82,143.82,143.35,143.36,2591,LH
2020-04-14 14:30:00,143.55,143.62,143.26,143.57,6364,LH
2020-04-14 14:35:00,143.63,143.78,143.36,143.51,2452,LH
2020-04-14 14:40:00,143.49,143.75,143.42,143.69,5800,LH
2020-04-14 14:45:00,143.51,143.78,143.51,143.69,3129,LH
2020-04-14 14:50:00,143.74,144.14,143.74,144.07,7632,LH
2020-04-14 14:55:00,144.11,144.61,144.02,144.52,7890,LH
2020-04-14 15:00:00,144.43,144.52,144.05,144.35,3678,LH
2020-04-14 15:05:00,144.16,144.42,143.78,143.78,6821,LH
2020-04-14 15:10:00,144.0,144.2,143.89,144.18,4739,LH
2020-04-14 15:15:00,144.12,144.43,143.99,144.33,8190,LH
2020-04-14 15:20:00,144.28,144.44,144.13,144.13,6041,LH
2020-04-14 15:25:00,144.35,144.65,144.32,144.6,8130,LH
2020-04-14 15:30:00,144.47,144.54,144.1,144.2,8211,LH
2020-04-14 15:35:00,144.14,144.67,144.03,144.67,9236,LH
2020-04-14 15:40:00,144.66,144.66,144.09,144.1,18153,LH
2020-04-14 15:45:00,144.09,144.55,144.08,144.3,21168,LH
2020-04-14 15:50:00,144.45,144.79,144.29,144.61,21904,LH
2020-04-14 15:55:00,144.64,145.0,144.53,144.81,41802,LH
2020-04-14 16:00:00,144.68,144.68,144.68,144.68,0,LH
2020-04-14 16:15:00,144.68,144.68,144.68,144.68,0,LH
2020-04-14 16:35:00,144.68,144.68,144.68,144.68,0,LH
2020-04-14 17:50:00,144.06,144.06,144.06,144.06,0,LH
2020-04-14 18:05:00,144.68,144.68,144.68,144.68,0,LH
2020-04-15 09:30:00,141.15,141.94,140.6,141.01,13616,LH
2020-04-15 09:35:00,140.73,141.1,140.06,140.51,5212,LH
2020-04-15 09:40:00,140.4,140.76,140.2,140.55,19489,LH
2020-04-15 09:45:00,140.51,141.02,140.06,140.86,9425,LH
2020-04-15 09:50:00,141.16,141.16,140.29,140.71,9817,LH
2020-04-15 09:55:00,140.43,140.75,140.43,140.5,2587,LH
2020-04-15 10:00:00,140.85,140.85,139.73,139.73,7588,LH
2020-04-15 10:05:00,139.54,139.96,139.31,139.37,6994,LH
2020-04-15 10:10:00,139.7,139.78,139.22,139.22,4703,LH
2020-04-15 10:15:00,139.3,139.4,138.95,139.0,5260,LH
2020-04-15 10:20:00,139.06,139.41,138.7,139.01,8679,LH
2020-04-15 10:25:00,139.01,139.01,138.41,138.95,3919,LH
2020-04-15 10:30:00,138.78,139.41,138.69,138.76,4196,LH
2020-04-15 10:35:00,138.96,139.29,138.5,138.93,4117,LH
2020-04-15 10:40:00,138.94,139.61,138.73,139.34,3257,LH
2020-04-15 10:45:00,139.44,139.55,139.06,139.1,1364,LH
2020-04-15 10:50:00,139.41,139.79,139.35,139.79,16816,LH
2020-04-15 10:55:00,139.71,139.71,139.6,139.71,1289,LH
2020-04-15 11:00:00,139.7,139.89,139.4,139.48,6361,LH
2020-04-15 11:05:00,139.76,139.87,139.66,139.66,3602,LH
2020-04-15 11:10:00,139.87,140.28,139.87,140.25,3434,LH
2020-04-15 11:15:00,140.13,140.13,139.55,139.76,2523,LH
2020-04-15 11:20:00,139.35,139.8,139.25,139.41,4942,LH
2020-04-15 11:25:00,139.64,139.7,139.49,139.59,4349,LH
2020-04-15 11:30:00,139.75,140.14,139.75,139.93,3767,LH
2020-04-15 11:35:00,140.0,140.28,139.93,140.04,11143,LH
2020-04-15 11:40:00,140.04,140.13,139.82,139.83,4827,LH
2020-04-15 11:45:00,139.75,140.12,139.64,139.88,4667,LH
2020-04-15 11:50:00,139.98,140.21,139.98,140.19,6387,LH
2020-04-15 11:55:00,140.01,140.23,140.01,140.01,4235,LH
2020-04-15 12:00:00,140.04,140.37,139.91,140.37,9029,LH
2020-04-15 12:05:00,140.1,140.1,139.62,139.77,1792,LH
2020-04-15 12:10:00,139.79,139.79,139.49,139.57,5796,LH
2020-04-15 12:15:00,139.75,139.94,139.57,139.75,4691,LH
2020-04-15 12:20:00,139.97,140.37,139.97,140.1,5585,LH
2020-04-15 12:25:00,140.01,140.15,139.73,140.01,6304,LH
2020-04-15 12:30:00,139.66,140.1,139.66,140.0,2770,LH
2020-04-15 12:35:00,139.77,140.2,139.77,140.13,6503,LH
2020-04-15 12:40:00,140.3,140.46,140.04,140.2,3418,LH
2020-04-15 12:45:00,140.15,140.3,139.99,140.15,5315,LH
2020-04-15 12:50:00,140.23,140.52,140.19,140.26,3766,LH
2020-04-15 12:55:00,140.16,140.24,140.0,140.23,3564,LH
2020-04-15 13:00:00,140.02,140.21,140.02,140.13,2495,LH
2020-04-15 13:05:00,140.13,140.3,140.1,140.1,6247,LH
2020-04-15 13:10:00,140.16,140.4,140.0,140.21,9561,LH
2020-04-15 13:15:00,140.27,140.74,140.17,140.73,7456,LH
2020-04-15 13:20:00,140.58,141.15,140.51,141.15,9136,LH
2020-04-15 13:25:00,141.16,141.21,140.46,140.84,7040,LH
2020-04-15 13:30:00,140.91,140.97,140.6,140.6,2793,LH
2020-04-15 13:35:00,140.6,141.05,140.55,140.55,4961,LH
2020-04-15 13:40:00,140.51,140.81,140.36,140.54,3518,LH
2020-04-15 13:45:00,140.43,140.66,140.19,140.66,3590,LH
2020-04-15 13:50:00,140.66,140.91,140.46,140.46,2958,LH
2020-04-15 13:55:00,140.48,140.59,140.34,140.48,1957,LH
2020-04-15 14:00:00,140.34,140.89,140.34,140.89,4579,LH
2020-04-15 14:05:00,140.93,140.99,140.6,140.75,10334,LH
2020-04-15 14:10:00,140.83,141.0,140.72,140.96,7864,LH
2020-04-15 14:15:00,140.83,141.18,140.78,140.93,6108,LH
2020-04-15 14:20:00,140.96,141.46,140.96,141.37,6020,LH
2020-04-15 14:25:00,141.37,141.37,140.79,141.19,5973,LH
2020-04-15 14:30:00,141.2,141.35,140.93,141.02,3835,LH
2020-04-15 14:35:00,141.15,141.27,141.08,141.24,3358,LH
2020-04-15 14:40:00,141.27,141.58,141.09,141.57,3747,LH
2020-04-15 14:45:00,141.54,141.64,141.43,141.64,3570,LH
2020-04-15 14:50:00,141.66,141.74,141.55,141.71,4172,LH
2020-04-15 14:55:00,141.63,141.93,141.52,141.92,5438,LH
2020-04-15 15:00:00,142.01,142.35,141.91,142.04,7705,LH
2020-04-15 15:05:00,142.05,142.17,141.83,141.93,4047,LH
2020-04-15 15:10:00,141.92,141.99,141.76,141.8,6183,LH
2020-04-15 15:15:00,141.8,142.12,141.78,142.12,4989,LH
2020-04-15 15:20:00,142.07,142.36,141.97,142.02,12533,LH
2020-04-15 15:25:00,142.0,142.17,141.78,142.01,12049,LH
2020-04-15 15:30:00,142.03,142.29,141.87,142.28,11531,LH
2020-04-15 15:35:00,142.17,142.59,142.1,142.33,14886,LH
2020-04-15 15:40:00,142.33,142.33,141.39,141.73,12055,LH
2020-04-15 15:45:00,141.78,142.28,141.78,142.26,13646,LH
2020-04-15 15:50:00,142.14,142.15,141.34,141.57,20219,LH
2020-04-15 15:55:00,141.63,142.11,141.48,141.59,61577,LH
2020-04-15 16:00:00,141.48,141.48,141.48,141.48,0,LH
2020-04-15 16:15:00,141.48,141.48,141.48,141.48,0,LH
2020-04-15 16:20:00,141.48,141.48,141.48,141.48,0,LH
2020-04-15 16:45:00,141.48,141.48,141.48,141.48,0,LH
2020-04-15 17:00:00,141.48,141.48,141.48,141.48,0,LH
2020-04-15 19:00:00,141.75,141.75,141.75,141.75,0,LH
2020-04-16 09:30:00,142.45,142.45,141.48,141.9,30155,LH
2020-04-16 09:35:00,141.5,141.56,141.0,141.13,12486,LH
2020-04-16 09:40:00,141.43,141.97,140.39,141.15,8127,LH
2020-04-16 09:45:00,140.98,141.59,140.6,140.95,10430,LH
2020-04-16 09:50:00,140.99,141.5,140.79,140.96,7527,LH
2020-04-16 09:55:00,141.12,141.34,139.4,139.41,12220,LH
2020-04-16 10:00:00,139.78,139.78,139.25,139.4,7327,LH
2020-04-16 10:05:00,139.39,139.61,138.2,138.47,15527,LH
2020-04-16 10:10:00,138.31,138.45,137.8,137.86,7035,LH
2020-04-16 10:15:00,137.96,138.51,137.55,137.55,11784,LH
2020-04-16 10:20:00,138.0,138.42,137.72,138.11,9142,LH
2020-04-16 10:25:00,137.85,138.5,137.85,138.5,10665,LH
2020-04-16 10:30:00,138.67,138.82,138.3,138.5,9598,LH
2020-04-16 10:35:00,138.36,138.57,136.72,136.79,30779,LH
2020-04-16 10:40:00,136.88,137.41,136.63,137.17,26021,LH
2020-04-16 10:45:00,137.19,138.32,137.06,138.32,17929,LH
2020-04-16 10:50:00,138.16,138.4,137.49,137.99,8316,LH
2020-04-16 10:55:00,137.85,138.84,137.85,138.64,7211,LH
2020-04-16 11:00:00,138.98,139.11,138.66,138.94,4045,LH
2020-04-16 11:05:00,139.18,139.7,139.07,139.4,11983,LH
2020-04-16 11:10:00,139.3,139.52,139.22,139.48,5941,LH
2020-04-16 11:15:00,139.54,139.83,138.85,139.82,8335,LH
2020-04-16 11:20:00,139.83,139.88,139.27,139.33,2675,LH
2020-04-16 11:25:00,139.24,139.6,139.13,139.48,4140,LH
2020-04-16 11:30:00,139.3,139.47,139.13,139.33,3447,LH
2020-04-16 11:35:00,139.31,139.79,139.16,139.79,3179,LH
2020-04-16 11:40:00,139.79,140.07,139.79,139.86,3760,LH
2020-04-16 11:45:00,139.67,139.79,138.95,139.08,3225,LH
2020-04-16 11:50:00,139.54,140.45,139.36,140.43,32557,LH
2020-04-16 11:55:00,140.43,140.45,139.81,140.0,23355,LH
2020-04-16 12:00:00,140.23,140.32,139.8,140.02,10214,LH
2020-04-16 12:05:00,140.04,140.18,139.73,139.8,5443,LH
2020-04-16 12:10:00,139.8,139.8,139.6,139.62,1887,LH
2020-04-16 12:15:00,139.5,139.6,138.3,138.3,5446,LH
2020-04-16 12:20:00,138.41,138.44,138.02,138.37,2899,LH
2020-04-16 12:25:00,138.4,138.9,138.18,138.63,6635,LH
2020-04-16 12:30:00,138.68,138.68,137.45,137.74,7660,LH
2020-04-16 12:35:00,137.75,138.03,137.47,137.55,6459,LH
2020-04-16 12:40:00,137.83,137.88,137.55,137.76,4265,LH
2020-04-16 12:45:00,137.88,137.99,137.55,137.68,13158,LH
2020-04-16 12:50:00,137.63,137.74,136.9,137.0,12234,LH
2020-04-16 12:55:00,136.95,137.23,136.38,136.57,11670,LH
2020-04-16 13:00:00,136.89,137.1,136.63,136.88,7493,LH
2020-04-16 13:05:00,137.21,137.26,136.99,136.99,5307,LH
2020-04-16 13:10:00,137.01,137.64,137.01,137.37,6369,LH
2020-04-16 13:15:00,137.33,137.5,137.01,137.47,4100,LH
2020-04-16 13:20:00,137.59,137.73,137.36,137.73,3531,LH
2020-04-16 13:25:00,137.54,137.74,137.4,137.58,6220,LH
2020-04-16 13:30:00,137.54,137.97,137.46,137.97,7524,LH
2020-04-16 13:35:00,137.86,138.23,137.85,138.06,2847,LH
2020-04-16 13:40:00,138.26,138.65,138.1,138.26,4492,LH
2020-04-16 13:45:00,138.38,138.41,137.71,137.72,9045,LH
2020-04-16 13:50:00,137.69,137.72,137.21,137.44,3842,LH
2020-04-16 13:55:00,137.81,138.08,137.65,138.04,5103,LH
2020-04-16 14:00:00,137.66,138.12,137.63,138.12,6554,LH
2020-04-16 14:05:00,138.12,138.74,137.77,138.66,10609,LH
2020-04-16 14:10:00,138.59,138.76,138.5,138.58,3557,LH
2020-04-16 14:15:00,138.76,139.15,138.68,138.73,4897,LH
2020-04-16 14:20:00,138.87,138.87,138.6,138.61,4603,LH
2020-04-16 14:25:00,138.47,138.88,138.4,138.85,4668,LH
2020-04-16 14:30:00,138.91,139.01,138.65,139.01,10904,LH
2020-04-16 14:35:00,138.96,139.38,138.71,139.18,7335,LH
2020-04-16 14:40:00,139.15,139.61,138.92,138.99,12788,LH
2020-04-16 14:45:00,138.99,139.09,138.5,138.66,8304,LH
2020-04-16 14:50:00,138.74,139.31,138.61,139.31,4619,LH
2020-04-16 14:55:00,139.17,139.4,139.12,139.27,3751,LH
2020-04-16 15:00:00,139.07,139.12,138.7,138.7,5314,LH
2020-04-16 15:05:00,138.8,138.89,138.41,138.65,11553,LH
2020-04-16 15:10:00,138.65,138.94,138.47,138.72,19111,LH
2020-04-16 15:15:00,138.69,138.9,138.3,138.49,7038,LH
2020-04-16 15:20:00,138.47,138.88,138.42,138.87,7171,LH
2020-04-16 15:25:00,138.78,139.05,138.6,138.98,8771,LH
2020-04-16 15:30:00,139.07,139.28,138.96,139.03,12097,LH
2020-04-16 15:35:00,138.97,139.2,138.8,138.85,16187,LH
2020-04-16 15:40:00,138.85,139.13,138.78,138.97,13814,LH
2020-04-16 15:45:00,139.02,139.11,138.8,138.89,18763,LH
2020-04-16 15:50:00,138.97,139.38,138.93,139.2,35738,LH
2020-04-16 15:55:00,139.2,139.23,138.53,138.62,92465,LH
2020-04-16 16:00:00,138.62,138.63,138.53,138.53,0,LH
2020-04-16 16:15:00,138.53,138.53,138.53,138.53,0,LH
2020-04-16 16:45:00,138.53,138.53,138.53,138.53,0,LH
2020-04-17 09:30:00,143.19,143.4,141.32,143.17,103243,LH
2020-04-17 09:35:00,141.8,144.28,141.5,143.64,36987,LH
2020-04-17 09:40:00,144.01,144.29,142.54,143.73,67280,LH
2020-04-17 09:45:00,143.96,144.88,143.88,144.27,13290,LH
2020-04-17 09:50:00,144.07,145.0,143.98,144.46,27106,LH
2020-04-17 09:55:00,144.85,145.97,144.03,145.12,17932,LH
2020-04-17 10:00:00,145.71,145.81,144.01,145.08,23042,LH
2020-04-17 10:05:00,145.14,145.49,144.24,145.2,11566,LH
2020-04-17 10:10:00,144.9,145.17,143.9,144.21,24692,LH
2020-04-17 10:15:00,144.54,144.65,143.47,143.83,12152,LH
2020-04-17 10:20:00,144.02,144.39,143.47,144.01,16918,LH
2020-04-17 10:25:00,143.98,144.62,143.48,143.73,7360,LH
2020-04-17 10:30:00,143.75,144.1,143.26,143.87,9576,LH
2020-04-17 10:35:00,143.87,144.17,143.34,144.17,12687,LH
2020-04-17 10:40:00,143.95,145.14,143.95,145.14,9214,LH
2020-04-17 10:45:00,145.1,145.1,143.93,143.93,8094,LH
2020-04-17 10:50:00,144.06,145.37,143.99,145.25,10465,LH
2020-04-17 10:55:00,145.49,145.49,144.66,144.66,10963,LH
2020-04-17 11:00:00,144.59,144.59,143.82,143.82,3725,LH
2020-04-17 11:05:00,143.5,143.84,143.34,143.34,7999,LH
2020-04-17 11:10:00,143.26,143.55,143.04,143.28,4550,LH
2020-04-17 11:15:00,143.46,144.16,143.41,143.93,6314,LH
2020-04-17 11:20:00,144.09,144.09,143.63,144.05,8406,LH
2020-04-17 11:25:00,143.88,143.9,143.55,143.57,6612,LH
2020-04-17 11:30:00,143.8,144.47,143.79,144.47,7349,LH
2020-04-17 11:35:00,144.58,145.26,144.41,144.99,4291,LH
2020-04-17 11:40:00,145.03,145.19,144.77,144.97,7375,LH
2020-04-17 11:45:00,144.95,145.03,144.54,144.72,9771,LH
2020-04-17 11:50:00,144.71,144.81,144.46,144.66,5872,LH
2020-04-17 11:55:00,144.73,144.83,144.52,144.65,9706,LH
2020-04-17 12:00:00,144.64,144.88,144.56,144.77,10224,LH
2020-04-17 12:05:00,144.72,145.09,144.71,144.91,9011,LH
2020-04-17 12:10:00,144.79,145.22,144.65,145.2,8273,LH
2020-04-17 12:15:00,145.24,145.59,145.15,145.52,10424,LH
2020-04-17 12:20:00,145.53,145.58,145.09,145.25,7241,LH
2020-04-17 12:25:00,145.18,145.4,145.03,145.15,8002,LH
2020-04-17 12:30:00,145.19,145.25,144.94,144.94,8748,LH
2020-04-17 12:35:00,144.99,145.14,144.98,145.12,6717,LH
2020-04-17 12:40:00,145.14,145.31,144.74,144.79,10625,LH
2020-04-17 12:45:00,144.8,145.09,144.69,145.07,11549,LH
2020-04-17 12:50:00,145.07,145.29,145.02,145.1,8644,LH
2020-04-17 12:55:00,145.16,145.2,144.75,144.79,7510,LH
2020-04-17 13:00:00,144.76,144.85,144.61,144.78,8258,LH
2020-04-17 13:05:00,144.83,145.13,144.82,145.05,5493,LH
2020-04-17 13:10:00,145.14,145.14,144.79,144.8,8704,LH
2020-04-17 13:15:00,144.79,145.34,144.79,145.23,7880,LH
2020-04-17 13:20:00,145.18,145.96,145.14,145.96,13284,LH
2020-04-17 13:25:00,145.87,146.4,145.84,145.84,12479,LH
2020-04-17 13:30:00,145.87,146.32,145.87,146.0,4753,LH
2020-04-17 13:35:00,145.93,146.18,145.91,146.18,8991,LH
2020-04-17 13:40:00,146.03,146.15,145.54,146.01,8402,LH
2020-04-17 13:45:00,145.84,145.9,145.44,145.46,13572,LH
2020-04-17 13:50:00,145.52,146.07,145.39,145.89,7170,LH
2020-04-17 13:55:00,145.85,145.96,145.65,145.73,10358,LH
2020-04-17 14:00:00,145.78,145.79,145.4,145.47,39041,LH
2020-04-17 14:05:00,145.47,145.59,145.3,145.3,13149,LH
2020-04-17 14:10:00,145.18,145.47,145.16,145.31,8785,LH
2020-04-17 14:15:00,145.23,145.3,144.95,145.27,26928,LH
2020-04-17 14:20:00,145.27,145.44,145.06,145.24,55856,LH
2020-04-17 14:25:00,145.25,145.3,144.86,144.87,44193,LH
2020-04-17 14:30:00,144.91,145.03,144.51,144.63,11499,LH
2020-04-17 14:35:00,144.67,144.89,144.66,144.66,6275,LH
2020-04-17 14:40:00,144.77,144.82,144.43,144.72,18094,LH
2020-04-17 14:45:00,144.66,145.15,144.61,144.79,8512,LH
2020-04-17 14:50:00,144.9,145.08,144.78,145.0,17773,LH
2020-04-17 14:55:00,145.06,145.15,144.86,144.98,13508,LH
2020-04-17 15:00:00,145.01,145.01,144.77,144.9,12254,LH
2020-04-17 15:05:00,144.86,145.04,144.73,144.83,13731,LH
2020-04-17 15:10:00,144.74,145.12,144.72,145.08,9271,LH
2020-04-17 15:15:00,145.07,145.68,144.99,145.68,18756,LH
2020-04-17 15:20:00,145.52,145.89,145.4,145.74,12876,LH
2020-04-17 15:25:00,145.74,146.63,145.74,146.6,10986,LH
2020-04-17 15:30:00,146.62,147.05,146.44,146.99,17927,LH
2020-04-17 15:35:00,147.09,147.85,146.96,147.63,34363,LH
2020-04-17 15:40:00,147.57,147.93,147.57,147.91,34108,LH
2020-04-17 15:45:00,147.87,148.28,147.83,148.24,37212,LH
2020-04-17 15:50:00,148.3,149.0,148.2,148.57,41476,LH
2020-04-17 15:55:00,148.79,148.79,148.02,148.53,90502,LH
2020-04-17 16:00:00,148.52,148.52,148.52,148.52,57929,LH
2020-04-17 16:15:00,148.52,148.52,148.52,148.52,0,LH
2020-04-17 16:35:00,148.52,148.52,148.52,148.52,0,LH
2020-04-17 17:05:00,148.52,148.52,148.52,148.52,0,LH
2020-04-17 17:45:00,148.52,148.52,148.52,148.52,0,LH
2020-04-20 09:30:00,145.29,145.29,143.08,144.15,20201,LH
2020-04-20 09:35:00,144.68,145.33,143.59,144.79,12776,LH
2020-04-20 09:40:00,145.24,145.24,144.41,144.62,8806,LH
2020-04-20 09:45:00,144.46,145.86,144.35,145.86,7656,LH
2020-04-20 09:50:00,145.53,145.83,145.38,145.66,3440,LH
2020-04-20 09:55:00,145.96,146.66,145.76,146.31,9790,LH
2020-04-20 10:00:00,146.22,146.33,145.68,146.28,6378,LH
2020-04-20 10:05:00,146.28,146.76,145.83,146.76,7977,LH
2020-04-20 10:10:00,146.93,146.93,145.89,146.02,6958,LH
2020-04-20 10:15:00,146.2,146.2,145.6,146.0,7100,LH
2020-04-20 10:20:00,145.78,145.98,145.51,145.87,1647,LH
2020-04-20 10:25:00,145.71,146.29,145.71,146.19,8980,LH
2020-04-20 10:30:00,146.14,146.61,146.1,146.57,3870,LH
2020-04-20 10:35:00,146.52,146.79,146.52,146.56,4217,LH
2020-04-20 10:40:00,146.5,146.62,146.07,146.62,3352,LH
2020-04-20 10:45:00,146.86,147.34,146.78,146.79,7261,LH
2020-04-20 10:50:00,146.62,147.95,146.62,147.47,11883,LH
2020-04-20 10:55:00,147.48,147.52,147.09,147.09,4841,LH
2020-04-20 11:00:00,147.0,147.87,147.0,147.71,8479,LH
2020-04-20 11:05:00,147.9,148.0,147.45,147.57,12246,LH
2020-04-20 11:10:00,147.48,147.5,146.52,146.56,12923,LH
2020-04-20 11:15:00,146.33,146.34,145.91,146.18,12064,LH
2020-04-20 11:20:00,146.31,147.12,146.31,147.12,6349,LH
2020-04-20 11:25:00,146.95,147.07,146.7,146.9,5821,LH
2020-04-20 11:30:00,146.91,147.05,146.79,147.03,3501,LH
2020-04-20 11:35:00,147.04,147.85,147.04,147.85,4989,LH
2020-04-20 11:40:00,147.82,148.0,147.67,147.89,5701,LH
2020-04-20 11:45:00,147.99,148.06,147.71,148.06,4322,LH
2020-04-20 11:50:00,148.0,148.15,147.59,147.93,5230,LH
2020-04-20 11:55:00,147.88,147.93,147.62,147.62,3926,LH
2020-04-20 12:00:00,147.63,147.66,147.1,147.16,5625,LH
2020-04-20 12:05:00,147.21,147.36,147.12,147.29,5263,LH
2020-04-20 12:10:00,147.31,147.43,147.16,147.23,4264,LH
2020-04-20 12:15:00,147.21,147.42,147.08,147.21,4235,LH
2020-04-20 12:20:00,147.19,147.36,147.08,147.36,9087,LH
2020-04-20 12:25:00,147.42,147.53,147.35,147.35,4825,LH
2020-04-20 12:30:00,147.19,147.57,147.19,147.57,3021,LH
2020-04-20 12:35:00,147.58,147.66,147.34,147.43,4998,LH
2020-04-20 12:40:00,147.31,147.49,147.25,147.49,3362,LH
2020-04-20 12:45:00,147.63,147.63,147.34,147.48,2903,LH
2020-04-20 12:50:00,147.62,147.62,147.11,147.21,5738,LH
2020-04-20 12:55:00,147.33,147.4,147.17,147.26,4338,LH
2020-04-20 13:00:00,147.24,147.26,146.57,146.57,5283,LH
2020-04-20 13:05:00,146.67,146.82,146.47,146.52,5976,LH
2020-04-20 13:10:00,146.48,146.51,146.03,146.03,6766,LH
2020-04-20 13:15:00,146.05,146.34,146.05,146.34,2849,LH
2020-04-20 13:20:00,146.34,146.37,146.22,146.22,1723,LH
2020-04-20 13:25:00,146.28,146.44,146.21,146.38,5693,LH
2020-04-20 13:30:00,146.24,146.32,145.88,146.32,7355,LH
2020-04-20 13:35:00,146.2,146.38,146.07,146.35,3468,LH
2020-04-20 13:40:00,146.38,146.66,146.17,146.33,6459,LH
2020-04-20 13:45:00,146.26,146.46,146.02,146.02,9538,LH
2020-04-20 13:50:00,146.09,146.47,146.09,146.47,2561,LH
2020-04-20 13:55:00,146.48,146.6,146.15,146.15,2828,LH
2020-04-20 14:00:00,146.25,146.57,146.14,146.46,3125,LH
2020-04-20 14:05:00,146.46,146.46,145.86,145.94,16908,LH
2020-04-20 14:10:00,146.1,146.1,145.36,145.64,4797,LH
2020-04-20 14:15:00,145.52,145.58,145.07,145.07,3995,LH
2020-04-20 14:20:00,145.12,145.37,144.84,145.2,8110,LH
2020-04-20 14:25:00,145.07,145.16,144.94,145.01,4855,LH
2020-04-20 14:30:00,145.0,145.5,145.0,145.37,4321,LH
2020-04-20 14:35:00,145.31,145.83,145.31,145.54,9585,LH
2020-04-20 14:40:00,145.62,145.85,145.49,145.69,5392,LH
2020-04-20 14:45:00,145.62,145.86,145.47,145.69,6219,LH
2020-04-20 14:50:00,145.73,145.73,144.99,145.16,19407,LH
2020-04-20 14:55:00,144.97,145.19,144.8,145.02,5315,LH
2020-04-20 15:00:00,145.12,145.79,145.12,145.47,32590,LH
2020-04-20 15:05:00,145.37,145.43,144.95,144.95,9926,LH
2020-04-20 15:10:00,144.94,145.23,144.85,145.23,6844,LH
2020-04-20 15:15:00,145.0,145.27,144.85,144.94,20484,LH
2020-04-20 15:20:00,144.94,145.16,144.8,145.05,10387,LH
2020-04-20 15:25:00,145.02,145.37,144.97,145.33,173288,LH
2020-04-20 15:30:00,145.25,145.81,145.2,145.81,7064,LH
2020-04-20 15:35:00,145.77,145.82,145.48,145.62,68986,LH
2020-04-20 15:40:00,145.68,145.88,145.48,145.74,8582,LH
2020-04-20 15:45:00,145.6,146.21,145.47,146.1,14261,LH
2020-04-20 15:50:00,146.03,146.03,145.68,145.84,23788,LH
2020-04-20 15:55:00,145.76,146.35,145.62,145.8,43149,LH
2020-04-20 16:00:00,145.61,145.61,145.61,145.61,0,LH
2020-04-20 16:15:00,145.61,145.61,145.61,145.61,0,LH
2020-04-20 16:20:00,146.05,146.05,146.05,146.05,0,LH
2020-04-21 07:05:00,145.7,149.97,145.7,149.97,0,LH
2020-04-21 07:10:00,149.88,149.88,149.88,149.88,0,LH
2020-04-21 07:15:00,149.95,149.95,149.95,149.95,0,LH
2020-04-21 07:20:00,152.0,152.0,152.0,152.0,0,LH
2020-04-21 07:50:00,152.2,152.2,152.2,152.2,0,LH
2020-04-21 07:55:00,152.5,152.5,152.5,152.5,0,LH
2020-04-21 08:05:00,152.99,152.99,152.99,152.99,0,LH
2020-04-21 08:15:00,153.0,153.0,152.0,153.0,0,LH
2020-04-21 08:20:00,153.05,153.05,153.05,153.05,0,LH
2020-04-21 08:25:00,152.56,152.7,152.56,152.7,0,LH
2020-04-21 08:30:00,152.7,153.99,152.7,153.99,0,LH
2020-04-21 08:35:00,153.99,153.99,153.4,153.4,0,LH
2020-04-21 08:40:00,153.8,154.0,153.0,153.0,0,LH
2020-04-21 08:45:00,153.0,153.0,148.5,150.9,0,LH
2020-04-21 08:50:00,151.5,153.0,151.5,152.0,0,LH
2020-04-21 08:55:00,151.95,152.88,151.95,152.5,0,LH
2020-04-21 09:00:00,152.5,152.75,151.0,151.0,0,LH
2020-04-21 09:05:00,152.6,152.75,152.58,152.58,0,LH
2020-04-21 09:10:00,152.58,152.58,152.0,152.35,0,LH
2020-04-21 09:15:00,151.5,152.0,151.5,152.0,0,LH
2020-04-21 09:20:00,151.46,152.0,151.46,152.0,0,LH
2020-04-21 09:25:00,152.71,153.5,152.71,153.0,0,LH
2020-04-21 09:30:00,153.0,153.0,148.5,149.58,208038,LH
2020-04-21 09:35:00,149.13,149.46,146.71,147.41,76306,LH
2020-04-21 09:40:00,147.37,148.5,146.02,146.13,32532,LH
2020-04-21 09:45:00,146.25,148.21,145.61,147.78,40209,LH
2020-04-21 09:50:00,147.72,148.98,147.12,148.72,32916,LH
2020-04-21 09:55:00,148.89,150.46,148.65,149.95,56635,LH
2020-04-21 10:00:00,149.75,149.77,147.82,148.3,24085,LH
2020-04-21 10:05:00,148.3,148.74,147.57,148.18,24511,LH
2020-04-21 10:10:00,148.08,148.5,147.86,148.06,30759,LH
2020-04-21 10:15:00,148.15,148.57,147.77,148.3,18426,LH
2020-04-21 10:20:00,148.39,149.74,148.1,149.62,38317,LH
2020-04-21 10:25:00,149.52,150.5,149.26,150.35,50408,LH
2020-04-21 10:30:00,150.56,150.78,150.04,150.58,43229,LH
2020-04-21 10:35:00,150.4,150.57,149.78,150.41,22039,LH
2020-04-21 10:40:00,150.47,151.03,150.33,151.03,33638,LH
2020-04-21 10:45:00,150.96,151.23,150.48,150.52,25508,LH
2020-04-21 10:50:00,150.4,150.89,150.03,150.03,29772,LH
2020-04-21 10:55:00,150.11,150.15,149.07,149.55,28470,LH
2020-04-21 11:00:00,149.54,149.91,148.8,148.93,26259,LH
2020-04-21 11:05:00,148.9,148.9,148.25,148.75,13631,LH
2020-04-21 11:10:00,148.62,148.96,148.03,148.96,21237,LH
2020-04-21 11:15:00,148.68,149.29,148.53,149.09,11848,LH
2020-04-21 11:20:00,149.75,150.16,149.39,149.39,20371,LH
2020-04-21 11:25:00,149.21,149.35,148.25,148.26,10324,LH
2020-04-21 11:30:00,148.38,149.34,148.0,148.08,58577,LH
2020-04-21 11:35:00,148.12,148.13,147.57,148.0,12395,LH
2020-04-21 11:40:00,148.05,148.33,147.84,147.97,12290,LH
2020-04-21 11:45:00,147.95,148.13,147.78,147.88,12586,LH
2020-04-21 11:50:00,147.84,147.84,147.34,147.6,17007,LH
2020-04-21 11:55:00,147.41,147.68,147.28,147.46,11617,LH
2020-04-21 12:00:00,147.6,147.6,146.59,146.69,16811,LH
2020-04-21 12:05:00,146.78,147.23,146.59,147.05,12530,LH
2020-04-21 12:10:00,146.81,147.39,146.81,147.09,10874,LH
2020-04-21 12:15:00,147.08,147.1,146.77,146.98,7656,LH
2020-04-21 12:20:00,146.96,147.76,146.96,147.2,14595,LH
2020-04-21 12:25:00,147.47,147.47,146.54,146.87,9020,LH
2020-04-21 12:30:00,146.96,147.06,146.71,146.95,13803,LH
2020-04-21 12:35:00,146.96,147.08,146.9,146.96,10033,LH
2020-04-21 12:40:00,146.88,147.13,146.78,146.82,13284,LH
2020-04-21 12:45:00,146.8,146.98,146.76,146.93,8232,LH
2020-04-21 12:50:00,147.0,147.48,146.95,146.95,14549,LH
2020-04-21 12:55:00,147.06,147.13,146.77,147.0,6596,LH
2020-04-21 13:00:00,146.97,147.54,146.82,147.01,11330,LH
2020-04-21 13:05:00,146.95,147.19,146.8,146.81,14899,LH
2020-04-21 13:10:00,146.96,147.27,146.84,147.18,8322,LH
2020-04-21 13:15:00,147.07,147.65,147.07,147.56,12942,LH
2020-04-21 13:20:00,147.52,148.07,147.5,147.93,19738,LH
2020-04-21 13:25:00,147.96,148.63,147.96,148.63,22144,LH
2020-04-21 13:30:00,148.46,149.09,148.38,149.05,26087,LH
2020-04-21 13:35:00,149.1,149.5,148.65,149.42,14117,LH
2020-04-21 13:40:00,149.42,149.86,149.18,149.49,15952,LH
2020-04-21 13:45:00,149.63,149.63,148.83,148.99,11969,LH
2020-04-21 13:50:00,148.98,149.31,148.88,148.95,12155,LH
2020-04-21 13:55:00,149.05,149.22,148.69,148.88,11649,LH
2020-04-21 14:00:00,148.95,148.96,148.33,148.44,16835,LH
2020-04-21 14:05:00,148.34,148.94,148.1,148.43,20126,LH
2020-04-21 14:10:00,148.45,148.81,148.35,148.66,13775,LH
2020-04-21 14:15:00,148.76,149.08,148.35,148.68,14170,LH
2020-04-21 14:20:00,148.58,149.55,148.48,149.38,17153,LH
2020-04-21 14:25:00,149.1,149.46,148.87,148.96,10376,LH
2020-04-21 14:30:00,148.98,149.07,148.61,148.76,8225,LH
2020-04-21 14:35:00,148.84,149.14,148.64,148.79,13163,LH
2020-04-21 14:40:00,148.89,148.89,148.02,148.36,8713,LH
2020-04-21 14:45:00,148.45,148.57,148.2,148.21,7836,LH
2020-04-21 14:50:00,148.33,148.76,148.15,148.74,14254,LH
2020-04-21 14:55:00,148.59,148.71,148.05,148.19,13962,LH
2020-04-21 15:00:00,148.39,148.58,148.29,148.41,10102,LH
2020-04-21 15:05:00,148.42,148.61,147.6,147.65,12491,LH
2020-04-21 15:10:00,147.66,148.17,147.47,148.09,17674,LH
2020-04-21 15:15:00,148.03,148.56,147.95,148.49,18982,LH
2020-04-21 15:20:00,148.4,149.35,148.38,148.83,33077,LH
2020-04-21 15:25:00,148.89,149.13,148.14,148.3,22281,LH
2020-04-21 15:30:00,148.22,148.63,148.02,148.45,27292,LH
2020-04-21 15:35:00,148.38,149.05,148.34,148.7,15282,LH
2020-04-21 15:40:00,148.57,148.98,148.32,148.81,36235,LH
2020-04-21 15:45:00,148.83,148.83,148.0,148.0,24933,LH
2020-04-21 15:50:00,147.85,148.2,147.66,147.85,35948,LH
2020-04-21 15:55:00,147.92,148.39,147.82,148.0,69978,LH
2020-04-21 16:00:00,148.18,148.18,148.18,148.18,0,LH
2020-04-21 16:15:00,148.18,148.18,148.18,148.18,0,LH
2020-04-21 16:20:00,149.15,149.15,149.15,149.15,0,LH
2020-04-21 16:30:00,149.6,149.6,149.6,149.6,0,LH
2020-04-21 16:40:00,149.5,149.5,149.5,149.5,0,LH
2020-04-21 16:50:00,149.5,149.5,149.5,149.5,0,LH
2020-04-21 16:55:00,149.25,149.25,149.25,149.25,0,LH
2020-04-21 17:00:00,149.25,149.25,149.24,149.24,0,LH
2020-04-21 17:10:00,149.25,149.25,149.25,149.25,0,LH
2020-04-21 17:25:00,149.25,149.25,149.25,149.25,0,LH
2020-04-21 17:30:00,149.25,149.25,149.25,149.25,0,LH
2020-04-21 17:40:00,149.25,149.25,149.25,149.25,0,LH
2020-04-21 17:50:00,149.25,149.25,149.25,149.25,0,LH
2020-04-21 17:55:00,149.25,149.25,149.25,149.25,0,LH
2020-04-21 18:05:00,149.25,149.25,149.25,149.25,0,LH
2020-04-21 18:25:00,149.85,149.85,149.85,149.85,0,LH
2020-04-21 18:30:00,149.85,150.48,149.85,150.48,0,LH
2020-04-21 18:35:00,151.0,151.0,150.6,151.0,0,LH
2020-04-21 18:50:00,151.0,151.0,151.0,151.0,0,LH
2020-04-21 18:55:00,151.0,151.0,151.0,151.0,0,LH
2020-04-21 19:00:00,151.0,151.0,150.3,150.3,0,LH
2020-04-21 19:05:00,150.3,151.0,150.3,151.0,0,LH
2020-04-21 19:10:00,150.65,150.65,150.5,150.5,0,LH
2020-04-21 19:15:00,150.5,150.5,150.5,150.5,0,LH
2020-04-21 19:25:00,150.5,150.5,150.5,150.5,0,LH
2020-04-21 19:40:00,150.5,150.5,150.5,150.5,0,LH
2020-04-21 19:50:00,150.5,150.5,150.5,150.5,0,LH
2020-04-22 07:15:00,151.48,151.48,151.48,151.48,0,LH
2020-04-22 07:20:00,152.0,152.0,152.0,152.0,0,LH
2020-04-22 07:25:00,152.0,152.0,152.0,152.0,0,LH
2020-04-22 07:30:00,152.0,152.0,152.0,152.0,0,LH
2020-04-22 07:35:00,152.0,152.0,152.0,152.0,0,LH
2020-04-22 07:40:00,152.0,152.0,152.0,152.0,0,LH
2020-04-22 07:50:00,152.0,152.0,152.0,152.0,0,LH
2020-04-22 07:55:00,152.56,152.56,152.0,152.0,0,LH
2020-04-22 08:00:00,152.25,152.25,151.99,151.99,0,LH
2020-04-22 08:05:00,152.0,152.5,152.0,152.5,0,LH
2020-04-22 08:15:00,151.83,153.0,150.5,152.95,0,LH
2020-04-22 08:20:00,153.0,153.9,152.5,153.5,0,LH
2020-04-22 08:25:00,153.0,153.9,152.99,153.9,0,LH
2020-04-22 08:30:00,153.9,156.0,153.9,155.5,0,LH
2020-04-22 08:35:00,155.5,157.4,154.05,157.3,0,LH
2020-04-22 08:40:00,157.3,157.5,156.2,157.2,0,LH
2020-04-22 08:45:00,157.8,158.2,157.5,157.5,0,LH
2020-04-22 08:50:00,157.5,157.5,156.53,157.5,0,LH
2020-04-22 08:55:00,157.04,157.75,157.0,157.75,0,LH
2020-04-22 09:00:00,157.0,157.7,157.0,157.05,0,LH
2020-04-22 09:05:00,157.75,157.75,157.75,157.75,0,LH
2020-04-22 09:10:00,157.1,157.1,157.1,157.1,0,LH
2020-04-22 09:15:00,157.25,158.75,157.25,157.26,0,LH
2020-04-22 09:20:00,157.46,158.5,157.46,158.0,0,LH
2020-04-22 09:25:00,158.0,158.45,157.64,158.0,0,LH
2020-04-22 09:30:00,158.57,158.99,157.1,157.33,336151,LH
2020-04-22 09:35:00,157.36,157.47,154.78,156.54,110121,LH
2020-04-22 09:40:00,156.67,157.43,156.02,156.69,52456,LH
2020-04-22 09:45:00,156.77,157.17,154.59,154.7,52387,LH
2020-04-22 09:50:00,154.7,155.25,153.26,153.41,46758,LH
2020-04-22 09:55:00,153.26,154.28,153.26,153.93,43505,LH
2020-04-22 10:00:00,154.19,154.96,153.43,153.43,29897,LH
2020-04-22 10:05:00,153.46,153.58,152.3,152.71,28654,LH
2020-04-22 10:10:00,152.9,153.32,152.01,152.37,30641,LH
2020-04-22 10:15:00,152.48,152.62,152.02,152.37,40527,LH
2020-04-22 10:20:00,152.28,154.35,152.22,153.91,34951,LH
2020-04-22 10:25:00,154.0,154.96,153.85,154.72,37578,LH
2020-04-22 10:30:00,154.76,154.99,153.56,153.56,29741,LH
2020-04-22 10:35:00,153.76,153.76,152.64,153.17,25986,LH
2020-04-22 10:40:00,153.21,153.84,152.62,152.84,21989,LH
2020-04-22 10:45:00,152.74,153.02,152.55,152.84,11417,LH
2020-04-22 10:50:00,152.7,152.95,152.1,152.16,17517,LH
2020-04-22 10:55:00,152.18,152.25,150.64,150.81,36470,LH
2020-04-22 11:00:00,150.81,151.52,150.8,151.32,33999,LH
2020-04-22 11:05:00,151.38,152.51,151.34,152.51,27082,LH
2020-04-22 11:10:00,152.44,153.27,152.29,152.68,33522,LH
2020-04-22 11:15:00,152.64,153.41,152.64,153.09,15412,LH
2020-04-22 11:20:00,153.12,153.54,152.69,153.28,25639,LH
2020-04-22 11:25:00,153.35,153.92,153.23,153.92,16088,LH
2020-04-22 11:30:00,153.98,154.4,153.74,154.05,31560,LH
2020-04-22 11:35:00,154.05,154.26,153.88,154.08,27322,LH
2020-04-22 11:40:00,154.1,154.57,153.89,154.1,22275,LH
2020-04-22 11:45:00,154.23,154.3,153.96,154.18,9058,LH
2020-04-22 11:50:00,154.1,154.41,154.02,154.41,9419,LH
2020-04-22 11:55:00,154.35,154.35,153.59,153.62,11228,LH
2020-04-22 12:00:00,153.51,153.85,153.5,153.81,9943,LH
2020-04-22 12:05:00,153.68,153.77,153.12,153.24,13959,LH
2020-04-22 12:10:00,153.27,153.62,153.11,153.12,9255,LH
2020-04-22 12:15:00,153.15,153.39,152.83,153.21,15565,LH
2020-04-22 12:20:00,153.21,153.54,152.96,153.49,14735,LH
2020-04-22 12:25:00,153.56,153.85,153.5,153.65,10062,LH
2020-04-22 12:30:00,153.76,153.94,153.48,153.48,18616,LH
2020-04-22 12:35:00,153.48,153.71,153.13,153.71,10958,LH
2020-04-22 12:40:00,153.57,153.69,153.28,153.46,8261,LH
2020-04-22 12:45:00,153.46,153.54,152.97,153.06,6938,LH
2020-04-22 12:50:00,152.99,153.0,152.58,153.0,14867,LH
2020-04-22 12:55:00,152.99,153.25,152.74,153.23,14841,LH
2020-04-22 13:00:00,153.14,153.34,153.01,153.01,8389,LH
2020-04-22 13:05:00,153.05,153.05,152.71,152.93,9140,LH
2020-04-22 13:10:00,153.1,153.27,152.86,152.97,9412,LH
2020-04-22 13:15:00,152.8,153.1,152.73,153.01,9471,LH
2020-04-22 13:20:00,153.18,153.24,152.84,153.0,8160,LH
2020-04-22 13:25:00,152.98,153.46,152.9,153.36,16286,LH
2020-04-22 13:30:00,153.36,153.92,153.36,153.8,12804,LH
2020-04-22 13:35:00,153.72,153.95,153.56,153.71,9259,LH
2020-04-22 13:40:00,153.64,153.9,153.48,153.71,12213,LH
2020-04-22 13:45:00,153.83,153.99,153.55,153.87,10055,LH
2020-04-22 13:50:00,153.79,153.91,153.28,153.54,9456,LH
2020-04-22 13:55:00,153.51,153.51,153.1,153.37,9113,LH
2020-04-22 14:00:00,153.38,153.6,153.27,153.55,7229,LH
2020-04-22 14:05:00,153.61,153.92,153.54,153.69,10090,LH
2020-04-22 14:10:00,153.74,153.89,153.7,153.89,6674,LH
2020-04-22 14:15:00,153.76,153.83,153.39,153.39,8099,LH
2020-04-22 14:20:00,153.43,153.94,153.43,153.66,14349,LH
2020-04-22 14:25:00,153.66,153.99,153.62,153.85,7858,LH
2020-04-22 14:30:00,153.98,154.65,153.95,154.62,19503,LH
2020-04-22 14:35:00,154.58,154.8,154.21,154.21,15200,LH
2020-04-22 14:40:00,154.08,154.73,154.08,154.72,13375,LH
2020-04-22 14:45:00,154.75,155.37,154.61,155.01,19265,LH
2020-04-22 14:50:00,154.91,155.6,154.83,154.99,18249,LH
2020-04-22 14:55:00,154.84,155.12,154.52,155.06,13223,LH
2020-04-22 15:00:00,154.89,155.05,154.49,154.85,10696,LH
2020-04-22 15:05:00,154.91,155.31,154.56,155.31,15982,LH
2020-04-22 15:10:00,155.21,155.37,154.96,155.19,14683,LH
2020-04-22 15:15:00,155.35,155.9,155.35,155.69,25943,LH
2020-04-22 15:20:00,155.54,155.96,155.45,155.72,20578,LH
2020-04-22 15:25:00,155.7,155.7,155.18,155.33,21921,LH
2020-04-22 15:30:00,155.29,155.39,154.68,154.76,22711,LH
2020-04-22 15:35:00,154.76,154.83,154.51,154.69,19205,LH
2020-04-22 15:40:00,154.69,154.72,154.28,154.46,39803,LH
2020-04-22 15:45:00,154.4,154.49,154.26,154.49,31822,LH
2020-04-22 15:50:00,154.58,154.81,154.13,154.74,50172,LH
2020-04-22 15:55:00,154.74,155.02,153.96,154.17,98753,LH
2020-04-22 16:00:00,154.13,154.13,154.13,154.13,0,LH
2020-04-22 16:15:00,154.13,154.13,154.13,154.13,0,LH
2020-04-22 16:25:00,154.51,155.45,154.51,155.45,0,LH
2020-04-22 17:10:00,154.75,154.75,154.75,154.75,0,LH
2020-04-22 17:25:00,155.0,155.0,155.0,155.0,0,LH
2020-04-22 18:00:00,154.5,154.5,154.5,154.5,0,LH
2020-04-22 19:15:00,155.25,155.25,155.25,155.25,0,LH
2020-04-23 07:15:00,157.42,157.42,157.42,157.42,0,LH
2020-04-23 08:15:00,157.25,157.49,157.25,157.49,0,LH
2020-04-23 08:25:00,156.0,156.0,156.0,156.0,0,LH
2020-04-23 08:30:00,156.5,156.5,156.5,156.5,0,LH
2020-04-23 08:40:00,156.75,156.95,156.4,156.4,0,LH
2020-04-23 08:45:00,156.22,156.9,156.22,156.9,0,LH
2020-04-23 08:55:00,156.25,156.25,156.22,156.22,0,LH
2020-04-23 09:00:00,155.55,155.55,154.13,154.13,0,LH
2020-04-23 09:05:00,156.3,156.3,156.3,156.3,0,LH
2020-04-23 09:30:00,155.5,160.32,155.5,160.0,116506,LH
2020-04-23 09:35:00,159.99,161.07,159.51,160.6,64182,LH
2020-04-23 09:40:00,160.71,161.25,160.25,160.57,34963,LH
2020-04-23 09:45:00,160.81,161.06,160.22,160.75,36856,LH
2020-04-23 09:50:00,160.68,160.8,159.35,159.57,38308,LH
2020-04-23 09:55:00,159.53,159.89,159.23,159.61,17266,LH
2020-04-23 10:00:00,159.99,160.17,159.71,159.9,41845,LH
2020-04-23 10:05:00,159.9,160.15,159.01,159.49,23598,LH
2020-04-23 10:10:00,159.43,160.49,159.4,159.88,13611,LH
2020-04-23 10:15:00,159.81,160.77,159.23,160.42,14671,LH
2020-04-23 10:20:00,160.3,160.96,160.3,160.66,13478,LH
2020-04-23 10:25:00,160.82,161.35,160.3,161.35,45271,LH
2020-04-23 10:30:00,161.28,161.98,161.28,161.77,26504,LH
2020-04-23 10:35:00,161.84,162.63,161.84,162.41,22276,LH
2020-04-23 10:40:00,162.51,162.85,162.25,162.64,24050,LH
2020-04-23 10:45:00,162.63,163.41,162.63,163.02,32110,LH
2020-04-23 10:50:00,163.05,163.05,162.14,162.76,20783,LH
2020-04-23 10:55:00,162.62,162.65,162.26,162.26,13182,LH
2020-04-23 11:00:00,162.26,162.47,161.51,162.26,26501,LH
2020-04-23 11:05:00,162.33,162.64,161.93,162.55,12875,LH
2020-04-23 11:10:00,162.55,162.98,162.55,162.79,38948,LH
2020-04-23 11:15:00,162.82,163.0,162.55,162.61,13619,LH
2020-04-23 11:20:00,162.67,162.83,162.44,162.53,19687,LH
2020-04-23 11:25:00,162.52,162.78,162.51,162.7,22138,LH
2020-04-23 11:30:00,162.7,162.7,162.28,162.37,16646,LH
2020-04-23 11:35:00,162.39,162.46,161.6,161.92,35836,LH
2020-04-23 11:40:00,161.82,161.85,161.29,161.37,11439,LH
2020-04-23 11:45:00,161.37,161.37,160.57,160.64,14320,LH
2020-04-23 11:50:00,160.52,160.8,160.39,160.55,17307,LH
2020-04-23 11:55:00,160.58,161.39,160.58,161.22,13207,LH
2020-04-23 12:00:00,161.24,161.36,160.88,160.88,7557,LH
2020-04-23 12:05:00,160.9,161.15,160.9,161.03,6989,LH
2020-04-23 12:10:00,160.92,161.15,160.72,161.12,11185,LH
2020-04-23 12:15:00,161.14,161.36,161.0,161.28,14556,LH
2020-04-23 12:20:00,161.19,161.52,161.17,161.31,16165,LH
2020-04-23 12:25:00,161.31,161.4,161.18,161.35,7571,LH
2020-04-23 12:30:00,161.26,161.29,160.76,160.91,8352,LH
2020-04-23 12:35:00,160.9,161.4,160.77,161.3,7470,LH
2020-04-23 12:40:00,161.32,161.4,160.28,160.28,14589,LH
2020-04-23 12:45:00,160.39,160.43,158.57,160.1,60630,LH
2020-04-23 12:50:00,159.88,160.79,159.54,160.21,73172,LH
2020-04-23 12:55:00,160.1,160.48,160.1,160.26,11741,LH
2020-04-23 13:00:00,160.28,160.35,159.35,159.55,23357,LH
2020-04-23 13:05:00,159.43,159.43,158.99,159.1,25745,LH
2020-04-23 13:10:00,159.05,159.8,159.02,159.77,17735,LH
2020-04-23 13:15:00,159.73,160.04,159.66,160.04,14179,LH
2020-04-23 13:20:00,159.98,159.98,159.09,159.2,17905,LH
2020-04-23 13:25:00,159.14,159.23,158.66,159.22,20184,LH
2020-04-23 13:30:00,159.12,159.45,159.09,159.32,11364,LH
2020-04-23 13:35:00,159.32,160.1,159.32,159.5,16491,LH
2020-04-23 13:40:00,159.58,159.61,158.95,159.07,11474,LH
2020-04-23 13:45:00,159.18,159.48,158.85,159.13,11974,LH
2020-04-23 13:50:00,159.0,159.09,158.56,158.56,5987,LH
2020-04-23 13:55:00,158.56,159.25,158.43,159.25,15467,LH
2020-04-23 14:00:00,159.28,159.4,159.02,159.32,11717,LH
2020-04-23 14:05:00,159.14,159.34,158.63,158.64,9237,LH
2020-04-23 14:10:00,158.51,158.6,158.06,158.59,16758,LH
2020-04-23 14:15:00,158.58,159.36,158.58,159.18,21533,LH
2020-04-23 14:20:00,159.05,159.42,159.05,159.22,9792,LH
2020-04-23 14:25:00,159.35,159.57,159.1,159.18,24575,LH
2020-04-23 14:30:00,159.13,159.13,158.64,158.96,11743,LH
2020-04-23 14:35:00,158.84,158.92,158.66,158.89,5817,LH
2020-04-23 14:40:00,158.89,159.56,158.89,159.38,11491,LH
2020-04-23 14:45:00,159.35,159.61,159.11,159.61,16846,LH
2020-04-23 14:50:00,159.65,160.09,159.56,159.93,9647,LH
2020-04-23 14:55:00,160.01,160.36,159.78,160.23,7608,LH
2020-04-23 15:00:00,160.06,160.24,159.86,160.19,13207,LH
2020-04-23 15:05:00,160.04,160.11,159.5,159.64,9206,LH
2020-04-23 15:10:00,159.57,159.62,158.99,159.16,17402,LH
2020-04-23 15:15:00,159.18,159.42,158.86,159.22,10038,LH
2020-04-23 15:20:00,159.22,159.52,159.06,159.52,13945,LH
2020-04-23 15:25:00,159.49,159.75,159.3,159.63,12850,LH
2020-04-23 15:30:00,159.62,159.89,159.15,159.82,19567,LH
2020-04-23 15:35:00,159.81,159.98,159.49,159.8,13429,LH
2020-04-23 15:40:00,159.82,160.1,159.51,159.55,20651,LH
2020-04-23 15:45:00,159.62,160.06,159.54,159.98,22037,LH
2020-04-23 15:50:00,159.99,160.14,159.51,160.13,41968,LH
2020-04-23 15:55:00,160.03,160.16,159.33,159.85,93743,LH
2020-04-23 16:00:00,159.86,159.86,159.67,159.67,0,LH
2020-04-23 16:15:00,159.67,159.67,159.67,159.67,0,LH
2020-04-23 16:25:00,160.24,160.24,160.24,160.24,0,LH
2020-04-23 16:40:00,159.67,159.67,159.67,159.67,0,LH
2020-04-23 17:20:00,160.65,160.65,160.65,160.65,0,LH
2020-04-23 17:45:00,160.96,160.96,160.96,160.96,0,LH
2020-04-23 17:50:00,160.15,160.15,160.15,160.15,0,LH
2020-04-23 17:55:00,159.67,159.67,159.67,159.67,0,LH
2020-04-23 18:10:00,160.94,160.94,160.94,160.94,0,LH
2020-04-23 18:40:00,159.67,159.67,159.67,159.67,0,LH
2020-04-23 18:55:00,159.67,159.67,159.67,159.67,0,LH
2020-04-23 19:35:00,159.8,159.8,159.8,159.8,0,LH
2020-04-24 07:30:00,161.4,161.4,161.4,161.4,0,LH
2020-04-24 07:50:00,162.0,162.0,162.0,162.0,0,LH
2020-04-24 08:20:00,162.15,162.15,162.15,162.15,0,LH
2020-04-24 08:25:00,162.0,162.8,162.0,162.8,0,LH
2020-04-24 08:35:00,162.23,162.23,162.23,162.23,0,LH
2020-04-24 08:55:00,163.0,163.0,163.0,163.0,0,LH
2020-04-24 09:10:00,163.0,163.3,162.76,162.76,0,LH
2020-04-24 09:15:00,163.0,163.0,163.0,163.0,0,LH
2020-04-24 09:30:00,160.77,161.64,160.46,160.77,46622,LH
2020-04-24 09:35:00,160.76,160.79,159.0,159.01,19216,LH
2020-04-24 09:40:00,158.85,159.23,156.83,157.68,96125,LH
2020-04-24 09:45:00,157.8,157.85,157.12,157.5,41544,LH
2020-04-24 09:50:00,157.5,158.6,157.25,157.8,27199,LH
2020-04-24 09:55:00,157.8,158.29,157.21,157.61,30346,LH
2020-04-24 10:00:00,157.35,157.85,157.25,157.84,16246,LH
2020-04-24 10:05:00,157.84,158.32,157.66,157.75,6357,LH
2020-04-24 10:10:00,157.86,158.2,157.59,158.2,11843,LH
2020-04-24 10:15:00,157.86,159.1,157.83,159.09,16539,LH
2020-04-24 10:20:00,159.01,159.08,158.32,158.32,10094,LH
2020-04-24 10:25:00,158.26,158.49,158.0,158.01,6577,LH
2020-04-24 10:30:00,158.0,158.45,157.75,158.45,7816,LH
2020-04-24 10:35:00,158.45,158.95,158.43,158.89,11051,LH
2020-04-24 10:40:00,158.9,159.35,158.85,159.13,9985,LH
2020-04-24 10:45:00,159.19,159.27,158.21,158.5,17094,LH
2020-04-24 10:50:00,158.5,158.85,158.4,158.73,10755,LH
2020-04-24 10:55:00,158.89,159.17,158.7,158.99,16359,LH
2020-04-24 11:00:00,158.87,159.1,158.45,158.63,6117,LH
2020-04-24 11:05:00,158.65,158.85,158.41,158.85,6362,LH
2020-04-24 11:10:00,158.6,158.98,158.51,158.92,12146,LH
2020-04-24 11:15:00,158.8,159.11,158.52,158.87,24265,LH
2020-04-24 11:20:00,158.93,158.94,158.6,158.86,7033,LH
2020-04-24 11:25:00,158.85,159.1,158.85,159.04,9238,LH
2020-04-24 11:30:00,159.03,159.29,158.44,158.49,7102,LH
2020-04-24 11:35:00,158.59,158.92,158.53,158.8,6547,LH
2020-04-24 11:40:00,158.82,158.82,158.28,158.44,8166,LH
2020-04-24 11:45:00,158.34,158.45,158.0,158.3,11942,LH
2020-04-24 11:50:00,158.31,158.31,158.04,158.09,5182,LH
2020-04-24 11:55:00,157.97,158.0,157.58,157.58,4472,LH
2020-04-24 12:00:00,157.54,157.92,157.46,157.83,10699,LH
2020-04-24 12:05:00,157.94,158.36,157.84,158.36,9025,LH
2020-04-24 12:10:00,158.13,158.31,158.02,158.13,4333,LH
2020-04-24 12:15:00,158.13,158.44,158.04,158.34,7354,LH
2020-04-24 12:20:00,158.27,158.33,158.08,158.29,5380,LH
2020-04-24 12:25:00,158.16,158.4,158.07,158.35,9982,LH
2020-04-24 12:30:00,158.38,158.39,158.21,158.21,5271,LH
2020-04-24 12:35:00,158.14,158.37,158.11,158.37,6060,LH
2020-04-24 12:40:00,158.38,158.4,158.23,158.35,7117,LH
2020-04-24 12:45:00,158.34,158.38,158.26,158.37,10284,LH
2020-04-24 12:50:00,158.28,158.35,158.1,158.12,3695,LH
2020-04-24 12:55:00,158.12,158.38,158.12,158.25,3128,LH
2020-04-24 13:00:00,158.31,158.37,158.16,158.29,3636,LH
2020-04-24 13:05:00,158.3,158.36,158.1,158.3,7015,LH
2020-04-24 13:10:00,158.35,158.4,158.25,158.35,9082,LH
2020-04-24 13:15:00,158.26,158.5,158.24,158.5,8322,LH
2020-04-24 13:20:00,158.75,158.88,158.63,158.71,5794,LH
2020-04-24 13:25:00,158.7,159.32,158.67,159.32,20260,LH
2020-04-24 13:30:00,159.32,159.49,159.21,159.49,8911,LH
2020-04-24 13:35:00,159.27,160.18,159.27,160.05,25118,LH
2020-04-24 13:40:00,160.17,160.2,159.65,159.82,10837,LH
2020-04-24 13:45:00,159.84,159.98,159.13,159.15,9031,LH
2020-04-24 13:50:00,159.2,159.2,158.44,158.44,11548,LH
2020-04-24 13:55:00,158.53,158.96,158.35,158.94,14803,LH
2020-04-24 14:00:00,159.12,159.7,159.01,159.69,8541,LH
2020-04-24 14:05:00,159.74,160.0,159.7,160.0,7295,LH
2020-04-24 14:10:00,159.93,160.2,159.78,160.01,15496,LH
2020-04-24 14:15:00,160.0,160.28,159.72,160.28,9768,LH
2020-04-24 14:20:00,160.24,160.88,160.23,160.86,18825,LH
2020-04-24 14:25:00,160.87,160.87,160.5,160.74,7457,LH
2020-04-24 14:30:00,160.75,160.87,160.62,160.83,11998,LH
2020-04-24 14:35:00,160.75,161.37,160.56,161.37,57431,LH
2020-04-24 14:40:00,161.45,161.99,161.3,161.53,17979,LH
2020-04-24 14:45:00,161.63,162.85,161.37,162.8,49506,LH
2020-04-24 14:50:00,162.78,162.82,162.44,162.81,13448,LH
2020-04-24 14:55:00,162.74,163.15,162.63,163.15,13081,LH
2020-04-24 15:00:00,162.92,163.26,162.82,163.23,23982,LH
2020-04-24 15:05:00,163.13,163.83,163.08,163.72,17736,LH
2020-04-24 15:10:00,163.8,164.16,162.87,163.0,80996,LH
2020-04-24 15:15:00,163.0,163.96,162.83,163.6,28027,LH
2020-04-24 15:20:00,163.57,164.94,163.55,164.94,52972,LH
2020-04-24 15:25:00,164.72,165.59,164.67,165.03,45027,LH
2020-04-24 15:30:00,165.2,165.28,164.68,165.1,45283,LH
2020-04-24 15:35:00,165.22,165.26,164.7,165.04,47933,LH
2020-04-24 15:40:00,165.04,165.19,164.37,164.54,40003,LH
2020-04-24 15:45:00,164.43,164.57,164.36,164.57,13184,LH
2020-04-24 15:50:00,163.53,163.78,163.06,163.78,97474,LH
2020-04-24 15:55:00,163.85,164.0,163.4,163.99,74114,LH
2020-04-24 16:00:00,163.99,164.01,163.72,163.72,91541,LH
2020-04-24 16:15:00,163.72,163.72,163.72,163.72,0,LH
2020-04-24 16:25:00,163.11,163.11,163.11,163.11,0,LH
2020-04-24 16:30:00,163.01,163.01,163.01,163.01,0,LH
2020-04-24 16:35:00,163.9,163.9,163.9,163.9,0,LH
2020-04-24 16:40:00,164.32,164.32,163.72,163.72,0,LH
2020-04-24 16:55:00,163.72,163.72,163.72,163.72,0,LH
2020-04-24 17:00:00,163.72,163.72,163.72,163.72,0,LH
2020-04-24 17:05:00,163.51,163.51,163.51,163.51,0,LH
2020-04-24 17:15:00,164.52,164.52,164.52,164.52,0,LH
2020-04-24 17:30:00,164.0,164.0,164.0,164.0,0,LH
2020-04-24 17:35:00,163.72,163.72,163.72,163.72,0,LH
2020-04-24 18:00:00,164.58,170.07,164.58,169.7,0,LH
2020-04-24 18:05:00,168.0,173.31,168.0,170.0,0,LH
2020-04-24 18:10:00,171.0,173.5,171.0,173.5,0,LH
2020-04-24 18:15:00,173.0,174.5,172.8,174.5,0,LH
2020-04-24 18:20:00,172.6,173.0,171.0,173.0,0,LH
2020-04-24 18:30:00,170.0,170.0,168.0,170.0,0,LH
2020-04-24 18:40:00,169.87,170.0,168.9,168.9,0,LH
2020-04-24 18:45:00,168.0,169.0,167.99,168.0,0,LH
2020-04-24 18:50:00,168.5,168.5,167.82,168.0,0,LH
2020-04-24 18:55:00,168.49,168.49,168.49,168.49,0,LH
2020-04-24 19:00:00,168.0,168.0,168.0,168.0,0,LH
2020-04-24 19:05:00,167.99,167.99,167.99,167.99,0,LH
2020-04-24 19:10:00,167.99,167.99,167.75,167.75,0,LH
2020-04-24 19:15:00,167.99,167.99,167.99,167.99,0,LH
2020-04-24 19:20:00,167.99,167.99,167.7,167.7,0,LH
2020-04-24 19:25:00,167.71,167.71,167.5,167.5,0,LH
2020-04-24 19:30:00,167.5,167.5,167.5,167.5,0,LH
2020-04-24 19:35:00,167.5,167.5,167.5,167.5,0,LH
2020-04-24 19:55:00,167.5,167.5,167.5,167.5,0,LH
2020-04-27 04:20:00,168.38,168.38,168.38,168.38,0,LH
2020-04-27 05:30:00,169.0,169.0,169.0,169.0,0,LH
2020-04-27 07:15:00,169.3,169.33,169.0,169.0,0,LH
2020-04-27 07:30:00,169.94,170.0,169.56,169.56,0,LH
2020-04-27 07:45:00,170.01,170.01,170.01,170.01,0,LH
2020-04-27 08:10:00,171.0,171.0,171.0,171.0,0,LH
2020-04-27 08:15:00,170.0,171.0,169.94,171.0,0,LH
2020-04-27 08:30:00,172.3,172.31,172.3,172.31,0,LH
2020-04-27 08:40:00,173.5,173.5,173.1,173.1,0,LH
2020-04-27 08:45:00,173.85,173.85,173.85,173.85,0,LH
2020-04-27 08:55:00,173.25,173.25,173.25,173.25,0,LH
2020-04-27 09:00:00,173.0,173.0,173.0,173.0,0,LH
2020-04-27 09:10:00,173.5,173.5,173.0,173.0,0,LH
2020-04-27 09:15:00,173.0,173.0,173.0,173.0,0,LH
2020-04-27 09:25:00,173.0,173.0,173.0,173.0,0,LH
2020-04-27 09:30:00,173.49,173.49,170.1,173.24,138980,LH
2020-04-27 09:35:00,173.47,174.9,173.01,173.85,60479,LH
2020-04-27 09:40:00,173.58,173.98,171.6,171.75,59285,LH
2020-04-27 09:45:00,171.54,172.82,171.35,172.71,40175,LH
2020-04-27 09:50:00,172.56,173.08,172.29,172.52,35280,LH
2020-04-27 09:55:00,172.45,172.98,171.53,171.63,43632,LH
2020-04-27 10:00:00,171.54,171.84,170.95,171.79,26076,LH
2020-04-27 10:05:00,171.73,171.9,171.23,171.79,20231,LH
2020-04-27 10:10:00,171.79,172.5,171.61,172.38,30144,LH
2020-04-27 10:15:00,172.35,173.5,172.2,173.32,46953,LH
2020-04-27 10:20:00,173.48,173.96,173.01,173.27,32200,LH
2020-04-27 10:25:00,173.17,173.28,172.63,173.28,26210,LH
2020-04-27 10:30:00,173.37,174.32,173.22,174.13,37409,LH
2020-04-27 10:35:00,174.02,175.27,174.02,175.27,55327,LH
2020-04-27 10:40:00,175.21,175.58,174.77,175.44,46464,LH
2020-04-27 10:45:00,175.45,176.05,175.4,176.0,62514,LH
2020-04-27 10:50:00,176.04,176.33,175.2,175.38,43983,LH
2020-04-27 10:55:00,175.42,175.96,175.39,175.65,31331,LH
2020-04-27 11:00:00,175.78,176.34,175.6,176.28,38789,LH
2020-04-27 11:05:00,176.18,176.39,175.8,176.15,21118,LH
2020-04-27 11:10:00,176.2,176.75,176.2,176.59,18593,LH
2020-04-27 11:15:00,176.45,176.69,176.05,176.61,12379,LH
2020-04-27 11:20:00,176.69,176.98,176.51,176.93,29043,LH
2020-04-27 11:25:00,176.93,177.17,176.88,177.08,27620,LH
2020-04-27 11:30:00,177.05,177.45,176.9,177.42,41681,LH
2020-04-27 11:35:00,177.36,177.88,177.16,177.79,38458,LH
2020-04-27 11:40:00,177.86,178.02,176.57,176.57,42435,LH
2020-04-27 11:45:00,176.52,177.24,176.37,176.61,23972,LH
2020-04-27 11:50:00,176.67,176.85,175.64,176.3,24072,LH
2020-04-27 11:55:00,176.21,176.94,176.13,176.84,13838,LH
2020-04-27 12:00:00,176.91,177.35,176.8,176.8,16708,LH
2020-04-27 12:05:00,176.77,176.77,175.7,175.89,24676,LH
2020-04-27 12:10:00,175.89,175.95,175.08,175.49,31274,LH
2020-04-27 12:15:00,175.51,176.25,175.51,176.02,13376,LH
2020-04-27 12:20:00,176.08,176.18,175.41,175.59,21396,LH
2020-04-27 12:25:00,175.73,175.9,175.35,175.61,8566,LH
2020-04-27 12:30:00,175.72,176.08,175.72,175.92,21664,LH
2020-04-27 12:35:00,175.81,175.99,175.3,175.48,13161,LH
2020-04-27 12:40:00,175.46,175.68,174.63,174.63,27294,LH
2020-04-27 12:45:00,174.65,174.86,174.5,174.65,19650,LH
2020-04-27 12:50:00,174.66,174.81,174.48,174.55,8528,LH
2020-04-27 12:55:00,174.47,175.21,174.29,175.21,16848,LH
2020-04-27 13:00:00,175.28,175.65,175.0,175.36,14035,LH
2020-04-27 13:05:00,175.27,175.71,175.15,175.32,14307,LH
2020-04-27 13:10:00,175.4,175.5,175.21,175.45,7276,LH
2020-04-27 13:15:00,175.42,176.1,175.28,175.79,20149,LH
2020-04-27 13:20:00,175.56,176.0,175.56,175.76,13562,LH
2020-04-27 13:25:00,175.7,176.34,175.7,176.34,22097,LH
2020-04-27 13:30:00,176.33,176.74,176.06,176.15,24625,LH
2020-04-27 13:35:00,176.16,176.78,176.03,176.64,21289,LH
2020-04-27 13:40:00,176.55,177.03,176.55,176.99,21537,LH
2020-04-27 13:45:00,176.95,176.95,176.27,176.6,18502,LH
2020-04-27 13:50:00,176.36,177.0,176.36,176.94,11834,LH
2020-04-27 13:55:00,177.0,177.34,176.7,176.93,18575,LH
2020-04-27 14:00:00,177.03,177.85,177.03,177.28,25783,LH
2020-04-27 14:05:00,177.34,177.49,176.87,177.42,13740,LH
2020-04-27 14:10:00,177.37,177.46,176.93,177.11,11653,LH
2020-04-27 14:15:00,177.14,177.42,176.82,177.3,13477,LH
2020-04-27 14:20:00,177.26,177.53,177.11,177.42,11702,LH
2020-04-27 14:25:00,177.4,177.54,177.24,177.35,12155,LH
2020-04-27 14:30:00,177.33,177.71,177.26,177.71,11306,LH
2020-04-27 14:35:00,177.78,178.32,177.58,178.16,29496,LH
2020-04-27 14:40:00,178.22,178.77,178.1,178.21,28955,LH
2020-04-27 14:45:00,178.42,178.84,178.2,178.2,21860,LH
2020-04-27 14:50:00,178.1,178.18,177.87,178.06,26392,LH
2020-04-27 14:55:00,177.97,178.31,177.87,178.25,30491,LH
2020-04-27 15:00:00,178.19,178.73,178.19,178.73,32333,LH
2020-04-27 15:05:00,178.62,179.33,178.53,179.33,22960,LH
2020-04-27 15:10:00,179.28,179.81,179.15,179.69,29446,LH
2020-04-27 15:15:00,179.64,179.64,179.09,179.39,32874,LH
2020-04-27 15:20:00,179.3,180.05,179.3,179.97,40055,LH
2020-04-27 15:25:00,179.91,179.92,178.7,178.96,54402,LH
2020-04-27 15:30:00,178.93,179.74,178.93,179.73,31683,LH
2020-04-27 15:35:00,179.72,179.85,179.2,179.29,25919,LH
2020-04-27 15:40:00,179.28,179.65,179.21,179.48,36725,LH
2020-04-27 15:45:00,179.49,179.49,178.88,179.13,53193,LH
2020-04-27 15:50:00,178.95,179.41,178.8,179.2,82323,LH
2020-04-27 15:55:00,179.2,179.2,178.39,178.39,149609,LH
2020-04-27 16:00:00,178.49,178.49,178.49,178.49,0,LH
2020-04-27 16:15:00,179.87,180.0,178.49,178.49,0,LH
2020-04-27 16:20:00,179.99,179.99,179.99,179.99,0,LH
2020-04-27 16:25:00,176.2,176.2,176.2,176.2,0,LH
2020-04-27 16:30:00,179.01,179.01,179.01,179.01,0,LH
2020-04-27 16:35:00,179.1,179.1,179.01,179.01,0,LH
2020-04-27 16:40:00,179.0,179.99,179.0,179.99,0,LH
2020-04-27 16:45:00,178.49,180.0,178.49,180.0,0,LH
2020-04-27 16:50:00,179.5,180.0,179.5,180.0,0,LH
2020-04-27 16:55:00,179.01,179.01,179.0,179.0,0,LH
2020-04-27 17:00:00,179.1,179.99,178.97,179.99,0,LH
2020-04-27 17:20:00,180.0,181.0,180.0,181.0,0,LH
2020-04-27 17:25:00,181.95,182.44,181.95,182.44,0,LH
2020-04-27 17:30:00,182.44,182.5,182.44,182.5,0,LH
2020-04-27 17:45:00,183.39,183.39,183.39,183.39,0,LH
2020-04-27 18:00:00,183.39,183.41,183.0,183.0,0,LH
2020-04-27 18:05:00,182.8,182.8,182.8,182.8,0,LH
2020-04-27 18:10:00,182.77,182.9,182.77,182.9,0,LH
2020-04-27 18:15:00,182.9,182.9,182.9,182.9,0,LH
2020-04-27 18:20:00,182.9,182.9,182.9,182.9,0,LH
2020-04-27 18:25:00,182.53,182.53,182.5,182.5,0,LH
2020-04-27 18:35:00,182.95,182.95,182.95,182.95,0,LH
2020-04-27 18:40:00,182.4,182.4,182.4,182.4,0,LH
2020-04-27 18:45:00,182.01,182.01,182.0,182.0,0,LH
2020-04-27 18:50:00,182.0,182.0,182.0,182.0,0,LH
2020-04-27 19:05:00,182.0,182.0,182.0,182.0,0,LH
2020-04-27 19:10:00,182.5,182.5,182.5,182.5,0,LH
2020-04-27 19:15:00,182.5,182.5,182.5,182.5,0,LH
2020-04-27 19:20:00,182.0,182.0,182.0,182.0,0,LH
2020-04-28 07:15:00,185.0,185.0,184.76,184.8,0,LH
2020-04-28 07:20:00,187.0,188.06,187.0,187.0,0,LH
2020-04-28 07:25:00,188.8,188.8,188.8,188.8,0,LH
2020-04-28 07:30:00,188.0,188.0,188.0,188.0,0,LH
2020-04-28 07:35:00,188.25,189.0,188.25,189.0,0,LH
2020-04-28 07:40:00,187.04,187.04,187.0,187.0,0,LH
2020-04-28 07:45:00,187.0,187.0,186.0,186.0,0,LH
2020-04-28 07:50:00,186.0,186.0,186.0,186.0,0,LH
2020-04-28 07:55:00,186.0,186.0,186.0,186.0,0,LH
2020-04-28 08:05:00,186.8,186.8,186.8,186.8,0,LH
2020-04-28 08:10:00,186.6,187.77,186.6,187.72,0,LH
2020-04-28 08:15:00,186.92,189.35,184.8,187.79,0,LH
2020-04-28 08:20:00,187.01,187.81,187.01,187.8,0,LH
2020-04-28 08:25:00,187.01,187.5,187.01,187.01,0,LH
2020-04-28 08:30:00,187.85,187.85,187.85,187.85,0,LH
2020-04-28 08:35:00,187.11,187.88,187.0,187.88,0,LH
2020-04-28 08:40:00,187.5,187.5,187.5,187.5,0,LH
2020-04-28 08:45:00,186.65,186.65,186.65,186.65,0,LH
2020-04-28 08:50:00,187.03,187.03,187.03,187.03,0,LH
2020-04-28 08:55:00,187.03,187.35,187.03,187.35,0,LH
2020-04-28 09:00:00,187.48,187.6,187.48,187.6,0,LH
2020-04-28 09:05:00,187.51,187.51,187.51,187.51,0,LH
2020-04-28 09:10:00,187.99,187.99,187.99,187.99,0,LH
2020-04-28 09:15:00,187.99,187.99,187.5,187.98,0,LH
2020-04-28 09:20:00,187.98,187.98,187.9,187.9,0,LH
2020-04-28 09:25:00,187.5,187.5,187.35,187.35,0,LH
2020-04-28 09:30:00,185.01,187.7,184.04,185.33,173533,LH
2020-04-28 09:35:00,183.57,184.47,181.06,182.48,104446,LH
2020-04-28 09:40:00,182.49,185.9,182.48,185.54,59289,LH
2020-04-28 09:45:00,185.4,185.57,184.03,184.21,35288,LH
2020-04-28 09:50:00,184.25,184.43,182.35,183.19,54910,LH
2020-04-28 09:55:00,183.32,183.32,181.07,181.07,46785,LH
2020-04-28 10:00:00,181.05,181.19,178.0,179.29,82714,LH
2020-04-28 10:05:00,179.48,180.92,178.4,179.09,64733,LH
2020-04-28 10:10:00,178.99,179.67,178.51,179.65,29101,LH
2020-04-28 10:15:00,179.99,182.1,179.98,181.5,48282,LH
2020-04-28 10:20:00,181.59,182.23,180.09,180.4,29955,LH
2020-04-28 10:25:00,179.95,180.54,179.5,180.11,35822,LH
2020-04-28 10:30:00,180.11,180.27,179.25,179.73,23951,LH
2020-04-28 10:35:00,179.9,180.44,179.46,179.54,17044,LH
2020-04-28 10:40:00,179.51,179.65,178.92,178.92,14935,LH
2020-04-28 10:45:00,178.87,179.45,178.67,179.01,12499,LH
2020-04-28 10:50:00,178.92,179.08,177.13,177.15,25111,LH
2020-04-28 10:55:00,177.27,177.41,176.06,176.44,36660,LH
2020-04-28 11:00:00,176.16,176.97,175.5,176.97,39024,LH
2020-04-28 11:05:00,176.42,177.67,176.35,176.99,21456,LH
2020-04-28 11:10:00,177.01,177.3,176.65,176.91,32883,LH
2020-04-28 11:15:00,176.84,176.88,176.18,176.39,15395,LH
2020-04-28 11:20:00,176.56,176.56,175.12,175.25,23228,LH
2020-04-28 11:25:00,175.27,176.5,174.65,176.22,27566,LH
2020-04-28 11:30:00,176.32,177.91,176.25,177.84,22440,LH
2020-04-28 11:35:00,177.85,178.1,177.37,177.59,18794,LH
2020-04-28 11:40:00,177.4,177.49,177.01,177.24,7361,LH
2020-04-28 11:45:00,177.31,177.67,176.65,176.89,14550,LH
2020-04-28 11:50:00,176.49,177.19,176.34,177.06,16728,LH
2020-04-28 11:55:00,177.07,177.25,176.8,177.09,7730,LH
2020-04-28 12:00:00,177.1,177.46,176.62,176.73,13406,LH
2020-04-28 12:05:00,176.59,176.88,176.5,176.88,12026,LH
2020-04-28 12:10:00,176.9,177.49,176.88,177.03,18311,LH
2020-04-28 12:15:00,176.99,176.99,175.8,175.98,24832,LH
2020-04-28 12:20:00,176.02,176.71,176.02,176.59,13339,LH
2020-04-28 12:25:00,176.5,177.81,176.5,177.81,17577,LH
2020-04-28 12:30:00,177.72,177.76,176.93,177.18,14647,LH
2020-04-28 12:35:00,177.02,177.41,177.02,177.18,8898,LH
2020-04-28 12:40:00,177.1,177.11,176.72,177.02,7353,LH
2020-04-28 12:45:00,176.9,177.21,176.34,177.14,6651,LH
2020-04-28 12:50:00,177.09,177.24,177.03,177.03,3426,LH
2020-04-28 12:55:00,177.02,177.65,177.02,177.2,8616,LH
2020-04-28 13:00:00,177.19,177.3,176.71,176.9,11347,LH
2020-04-28 13:05:00,176.99,177.17,176.78,177.0,6737,LH
2020-04-28 13:10:00,176.98,177.3,176.86,177.05,5955,LH
2020-04-28 13:15:00,176.9,177.13,176.75,176.85,7811,LH
2020-04-28 13:20:00,176.86,177.12,176.77,177.01,3913,LH
2020-04-28 13:25:00,176.96,177.29,176.96,177.16,6569,LH
2020-04-28 13:30:00,177.02,177.12,176.69,176.69,6854,LH
2020-04-28 13:35:00,176.59,176.95,176.56,176.91,4566,LH
2020-04-28 13:40:00,176.82,177.21,176.77,177.19,8104,LH
2020-04-28 13:45:00,177.12,177.27,176.94,177.09,6542,LH
2020-04-28 13:50:00,177.0,177.23,176.96,177.16,11134,LH
2020-04-28 13:55:00,177.09,177.21,176.85,177.04,9813,LH
2020-04-28 14:00:00,176.85,177.78,176.85,177.72,14105,LH
2020-04-28 14:05:00,177.74,177.84,177.53,177.75,10855,LH
2020-04-28 14:10:00,177.74,177.94,177.53,177.68,16983,LH
2020-04-28 14:15:00,177.58,177.67,177.35,177.62,7565,LH
2020-04-28 14:20:00,177.65,177.8,177.55,177.71,8526,LH
2020-04-28 14:25:00,177.75,177.87,177.5,177.61,7721,LH
2020-04-28 14:30:00,177.7,177.75,177.35,177.36,11275,LH
2020-04-28 14:35:00,177.41,177.48,176.73,176.78,14908,LH
2020-04-28 14:40:00,176.78,177.23,176.71,176.96,9067,LH
2020-04-28 14:45:00,176.85,177.23,176.85,177.15,12254,LH
2020-04-28 14:50:00,177.06,177.34,176.8,177.04,8560,LH
2020-04-28 14:55:00,177.15,177.23,177.04,177.11,6820,LH
2020-04-28 15:00:00,177.14,177.34,177.06,177.23,11062,LH
2020-04-28 15:05:00,177.21,177.24,176.94,177.1,11536,LH
2020-04-28 15:10:00,177.01,177.05,176.68,176.85,14008,LH
2020-04-28 15:15:00,176.87,177.14,176.66,177.11,11565,LH
2020-04-28 15:20:00,177.06,177.4,176.83,177.35,14584,LH
2020-04-28 15:25:00,177.35,177.54,177.22,177.45,12676,LH
2020-04-28 15:30:00,177.35,177.52,177.15,177.21,19882,LH
2020-04-28 15:35:00,177.27,177.39,176.95,177.02,22422,LH
2020-04-28 15:40:00,177.04,177.21,176.59,176.64,21796,LH
2020-04-28 15:45:00,176.53,176.77,176.3,176.3,27798,LH
2020-04-28 15:50:00,176.32,176.58,176.08,176.12,41368,LH
2020-04-28 15:55:00,176.22,177.0,176.0,176.22,82304,LH
2020-04-28 16:00:00,176.33,176.33,175.96,175.96,0,LH
2020-04-28 16:15:00,175.96,175.96,175.96,175.96,0,LH
2020-04-28 16:25:00,179.21,179.21,179.21,179.21,0,LH
2020-04-28 16:30:00,175.96,175.96,175.96,175.96,0,LH
2020-04-28 16:50:00,175.85,175.85,175.0,175.0,0,LH
2020-04-28 16:55:00,173.0,173.0,173.0,173.0,0,LH
2020-04-28 17:05:00,172.47,172.5,172.47,172.5,0,LH
2020-04-28 17:10:00,172.45,173.0,172.45,173.0,0,LH
2020-04-28 17:15:00,173.0,173.0,173.0,173.0,0,LH
2020-04-28 17:30:00,173.8,173.8,173.8,173.8,0,LH
2020-04-28 17:55:00,175.0,175.0,175.0,175.0,0,LH
2020-04-28 18:00:00,175.0,175.0,175.0,175.0,0,LH
2020-04-28 18:05:00,174.51,174.51,174.51,174.51,0,LH
2020-04-28 19:20:00,176.75,176.75,176.75,176.75,0,LH
2020-04-28 19:35:00,176.53,176.54,176.53,176.54,0,LH
2020-04-29 07:15:00,176.0,180.0,176.0,178.0,0,LH
2020-04-29 07:20:00,178.0,178.0,178.0,178.0,0,LH
2020-04-29 07:25:00,179.5,179.5,179.0,179.0,0,LH
2020-04-29 07:30:00,180.0,181.01,180.0,181.0,0,LH
2020-04-29 07:35:00,181.06,182.03,181.01,182.03,0,LH
2020-04-29 07:40:00,183.0,184.0,183.0,184.0,0,LH
2020-04-29 07:45:00,183.58,183.58,183.5,183.5,0,LH
2020-04-29 07:50:00,183.0,183.0,180.55,180.55,0,LH
2020-04-29 08:00:00,181.0,181.0,181.0,181.0,0,LH
2020-04-29 08:05:00,180.75,180.98,180.6,180.6,0,LH
2020-04-29 08:10:00,180.68,180.68,180.0,180.0,0,LH
2020-04-29 08:15:00,176.11,182.03,176.0,178.96,0,LH
2020-04-29 08:20:00,178.97,178.97,178.0,178.0,0,LH
2020-04-29 08:25:00,178.5,178.5,176.5,177.0,0,LH
2020-04-29 08:30:00,176.53,176.54,174.0,174.0,0,LH
2020-04-29 08:35:00,174.25,174.25,174.25,174.25,0,LH
2020-04-29 08:45:00,175.0,175.8,174.1,175.8,0,LH
2020-04-29 09:00:00,174.85,174.85,173.0,173.0,0,LH
2020-04-29 09:05:00,173.01,173.01,170.46,170.46,0,LH
2020-04-29 09:10:00,171.0,174.5,171.0,174.5,0,LH
2020-04-29 09:15:00,173.53,174.0,173.1,174.0,0,LH
2020-04-29 09:20:00,174.0,174.0,172.01,172.01,0,LH
2020-04-29 09:25:00,172.0,172.0,171.55,171.55,0,LH
2020-04-29 09:30:00,165.0,171.99,158.81,170.05,217535,LH
2020-04-29 09:35:00,169.1,169.74,166.25,166.25,83041,LH
2020-04-29 09:40:00,166.13,167.71,165.27,165.3,66638,LH
2020-04-29 09:45:00,165.53,167.0,165.02,166.3,68131,LH
2020-04-29 09:50:00,165.8,168.53,165.26,168.49,45225,LH
2020-04-29 09:55:00,168.51,174.0,168.04,173.53,91344,LH
2020-04-29 10:00:00,173.0,174.32,171.79,172.04,51337,LH
2020-04-29 10:05:00,171.46,172.71,171.27,172.07,34946,LH
2020-04-29 10:10:00,172.06,172.06,170.84,171.24,29049,LH
2020-04-29 10:15:00,171.16,173.64,171.01,172.89,20949,LH
2020-04-29 10:20:00,173.0,175.89,173.0,175.84,25918,LH
2020-04-29 10:25:00,175.56,175.76,174.04,175.29,23651,LH
2020-04-29 10:30:00,175.05,175.93,174.91,175.36,33720,LH
2020-04-29 10:35:00,175.16,178.71,175.16,178.71,50869,LH
2020-04-29 10:40:00,178.71,179.79,177.53,177.79,43572,LH
2020-04-29 10:45:00,177.55,177.73,176.3,176.77,37826,LH
2020-04-29 10:50:00,176.61,177.59,176.35,177.06,32829,LH
2020-04-29 10:55:00,177.53,178.55,176.35,176.35,12002,LH
2020-04-29 11:00:00,176.51,176.99,176.33,176.67,16683,LH
2020-04-29 11:05:00,176.7,177.05,176.61,176.62,48623,LH
2020-04-29 11:10:00,176.95,176.95,176.0,176.38,12754,LH
2020-04-29 11:15:00,176.65,176.89,175.57,176.34,21015,LH
2020-04-29 11:20:00,176.36,177.24,176.22,176.46,8132,LH
2020-04-29 11:25:00,176.8,176.87,176.35,176.52,9218,LH
2020-04-29 11:30:00,176.68,177.49,176.41,177.49,10472,LH
2020-04-29 11:35:00,177.29,178.86,177.09,178.54,17868,LH
2020-04-29 11:40:00,178.83,178.99,178.5,178.61,20624,LH
2020-04-29 11:45:00,178.61,179.2,178.61,179.05,13216,LH
2020-04-29 11:50:00,178.93,179.31,178.26,178.43,8954,LH
2020-04-29 11:55:00,178.44,178.7,178.37,178.37,7080,LH
2020-04-29 12:00:00,178.55,178.75,177.99,178.49,10880,LH
2020-04-29 12:05:00,178.57,178.57,177.01,177.4,37541,LH
2020-04-29 12:10:00,177.4,177.41,176.26,177.41,51756,LH
2020-04-29 12:15:00,177.33,177.77,175.26,175.26,21564,LH
2020-04-29 12:20:00,175.17,176.4,174.31,176.21,29032,LH
2020-04-29 12:25:00,176.36,176.36,175.51,175.59,8126,LH
2020-04-29 12:30:00,175.59,175.99,175.24,175.24,9284,LH
2020-04-29 12:35:00,175.41,176.3,175.14,175.95,19855,LH
2020-04-29 12:40:00,176.0,176.22,175.34,175.62,22400,LH
2020-04-29 12:45:00,175.47,175.86,175.33,175.82,10208,LH
2020-04-29 12:50:00,175.73,176.01,175.54,175.82,14753,LH
2020-04-29 12:55:00,175.66,175.94,175.52,175.72,11372,LH
2020-04-29 13:00:00,175.77,175.85,175.35,175.54,15050,LH
2020-04-29 13:05:00,175.73,176.11,175.3,176.02,33807,LH
2020-04-29 13:10:00,176.1,176.39,175.91,176.05,13715,LH
2020-04-29 13:15:00,176.0,176.19,175.84,175.97,23408,LH
2020-04-29 13:20:00,176.1,176.19,175.75,176.19,16807,LH
2020-04-29 13:25:00,176.1,176.49,175.59,175.59,13519,LH
2020-04-29 13:30:00,175.67,176.23,175.67,176.01,7232,LH
2020-04-29 13:35:00,175.97,175.99,175.65,175.88,12048,LH
2020-04-29 13:40:00,175.76,175.89,175.2,175.41,11235,LH
2020-04-29 13:45:00,175.27,175.78,175.13,175.13,22499,LH
2020-04-29 13:50:00,175.34,175.86,175.34,175.75,9661,LH
2020-04-29 13:55:00,175.63,175.83,175.5,175.75,6214,LH
2020-04-29 14:00:00,175.82,175.82,174.48,174.67,28354,LH
2020-04-29 14:05:00,174.76,174.94,174.23,174.74,11516,LH
2020-04-29 14:10:00,174.73,175.92,174.56,175.91,18168,LH
2020-04-29 14:15:00,175.92,176.0,175.0,175.18,10610,LH
2020-04-29 14:20:00,175.2,175.2,174.55,174.91,26011,LH
2020-04-29 14:25:00,174.76,174.9,174.21,174.9,12077,LH
2020-04-29 14:30:00,174.68,175.0,174.3,174.95,8911,LH
2020-04-29 14:35:00,174.85,175.44,174.55,175.34,10814,LH
2020-04-29 14:40:00,175.18,175.99,175.18,175.99,8083,LH
2020-04-29 14:45:00,175.88,175.89,175.26,175.89,12827,LH
2020-04-29 14:50:00,175.74,175.74,175.27,175.5,9907,LH
2020-04-29 14:55:00,175.61,175.92,175.49,175.84,11488,LH
2020-04-29 15:00:00,175.79,176.23,175.66,176.23,23376,LH
2020-04-29 15:05:00,176.3,176.85,176.0,176.25,18054,LH
2020-04-29 15:10:00,176.02,176.18,175.86,175.97,9005,LH
2020-04-29 15:15:00,175.88,175.9,174.91,174.91,16453,LH
2020-04-29 15:20:00,175.12,175.18,174.8,174.83,17741,LH
2020-04-29 15:25:00,174.81,175.1,174.57,175.06,14979,LH
2020-04-29 15:30:00,175.18,175.18,174.46,175.11,15896,LH
2020-04-29 15:35:00,175.02,175.22,174.51,174.52,24412,LH
2020-04-29 15:40:00,174.6,174.71,174.37,174.56,28312,LH
2020-04-29 15:45:00,174.53,174.53,174.18,174.33,34926,LH
2020-04-29 15:50:00,174.19,174.19,173.0,173.96,52563,LH
2020-04-29 15:55:00,173.99,174.39,173.72,173.89,120270,LH
2020-04-29 16:00:00,174.05,174.07,173.48,173.48,0,LH
2020-04-29 16:15:00,173.48,173.48,173.48,173.48,0,LH
2020-04-29 16:25:00,173.48,173.48,173.48,173.48,0,LH
2020-04-29 17:10:00,173.48,173.48,173.48,173.48,0,LH
2020-04-29 18:40:00,172.06,172.06,172.06,172.06,0,LH
2020-04-29 18:55:00,172.1,172.1,172.1,172.1,0,LH
2020-04-29 19:30:00,171.25,171.25,171.25,171.25,0,LH
2020-04-30 08:40:00,167.53,167.53,167.53,167.53,0,LH
2020-04-30 08:50:00,169.0,169.0,169.0,169.0,0,LH
2020-04-30 08:55:00,168.0,168.0,168.0,168.0,0,LH
2020-04-30 09:00:00,168.0,168.0,168.0,168.0,0,LH
2020-04-30 09:05:00,169.15,169.15,168.0,168.0,0,LH
2020-04-30 09:30:00,168.67,168.78,167.21,167.55,58306,LH
2020-04-30 09:35:00,167.83,168.8,167.06,167.88,22201,LH
2020-04-30 09:40:00,168.07,168.25,167.18,167.97,54582,LH
2020-04-30 09:45:00,168.01,169.62,167.6,169.55,27534,LH
2020-04-30 09:50:00,169.72,170.32,169.09,169.09,22133,LH
2020-04-30 09:55:00,169.09,170.52,168.63,170.19,21698,LH
2020-04-30 10:00:00,169.88,170.15,168.65,168.99,25507,LH
2020-04-30 10:05:00,168.81,169.36,168.14,168.99,17521,LH
2020-04-30 10:10:00,168.94,169.54,168.5,168.65,19875,LH
2020-04-30 10:15:00,168.7,169.01,167.6,167.66,19545,LH
2020-04-30 10:20:00,167.78,167.99,167.25,167.65,19627,LH
2020-04-30 10:25:00,167.34,167.76,166.51,167.76,26259,LH
2020-04-30 10:30:00,168.03,168.2,167.19,167.54,15721,LH
2020-04-30 10:35:00,167.67,167.7,166.58,167.0,21064,LH
2020-04-30 10:40:00,166.96,167.13,166.59,166.93,21462,LH
2020-04-30 10:45:00,166.84,167.95,166.79,167.5,15799,LH
2020-04-30 10:50:00,167.57,167.97,167.57,167.58,12811,LH
2020-04-30 10:55:00,167.63,167.63,167.04,167.04,10519,LH
2020-04-30 11:00:00,167.02,167.65,166.95,167.63,11734,LH
2020-04-30 11:05:00,167.65,167.82,167.44,167.82,13811,LH
2020-04-30 11:10:00,167.81,167.99,167.75,167.93,6791,LH
2020-04-30 11:15:00,168.07,168.16,167.64,167.87,18223,LH
2020-04-30 11:20:00,167.72,168.16,167.45,167.96,13474,LH
2020-04-30 11:25:00,168.05,168.41,168.05,168.24,10376,LH
2020-04-30 11:30:00,168.12,169.32,168.12,168.93,7490,LH
2020-04-30 11:35:00,168.86,169.04,167.75,167.91,20914,LH
2020-04-30 11:40:00,167.97,168.1,167.55,167.8,9670,LH
2020-04-30 11:45:00,167.98,168.11,167.32,167.52,5601,LH
2020-04-30 11:50:00,167.47,167.47,166.58,166.68,39196,LH
2020-04-30 11:55:00,166.63,166.8,166.08,166.23,17424,LH
2020-04-30 12:00:00,166.18,166.27,165.12,165.17,38471,LH
2020-04-30 12:05:00,165.21,166.38,165.12,166.15,40177,LH
2020-04-30 12:10:00,166.14,166.41,165.91,166.34,18647,LH
2020-04-30 12:15:00,166.29,166.29,165.48,165.48,11590,LH
2020-04-30 12:20:00,165.48,165.71,165.36,165.62,18842,LH
2020-04-30 12:25:00,165.65,165.71,165.35,165.51,16304,LH
2020-04-30 12:30:00,165.5,165.54,165.25,165.38,9415,LH
2020-04-30 12:35:00,165.42,165.72,165.38,165.66,9155,LH
2020-04-30 12:40:00,165.67,165.93,165.57,165.84,9699,LH
2020-04-30 12:45:00,165.86,165.91,165.53,165.7,8194,LH
2020-04-30 12:50:00,165.78,165.93,165.68,165.93,8625,LH
2020-04-30 12:55:00,165.92,166.23,165.92,166.23,2700,LH
2020-04-30 13:00:00,166.3,166.3,165.75,165.82,10321,LH
2020-04-30 13:05:00,165.92,166.15,165.75,165.95,6313,LH
2020-04-30 13:10:00,165.88,166.29,165.81,166.29,4819,LH
2020-04-30 13:15:00,166.35,166.52,166.14,166.27,9488,LH
2020-04-30 13:20:00,166.27,166.37,166.21,166.26,6649,LH
2020-04-30 13:25:00,166.13,166.13,165.5,165.5,6942,LH
2020-04-30 13:30:00,165.45,165.46,165.3,165.34,8623,LH
2020-04-30 13:35:00,165.39,165.41,164.79,164.88,18208,LH
2020-04-30 13:40:00,164.89,164.89,164.54,164.73,11855,LH
2020-04-30 13:45:00,164.71,165.04,164.65,164.94,7597,LH
2020-04-30 13:50:00,164.96,164.96,164.54,164.8,12248,LH
2020-04-30 13:55:00,164.92,165.11,164.67,164.93,6053,LH
2020-04-30 14:00:00,164.9,164.96,164.25,164.61,35496,LH
2020-04-30 14:05:00,164.54,164.65,164.39,164.59,8419,LH
2020-04-30 14:10:00,164.54,164.89,164.54,164.88,6537,LH
2020-04-30 14:15:00,164.71,164.91,164.41,164.71,12842,LH
2020-04-30 14:20:00,164.72,165.13,164.68,165.05,12224,LH
2020-04-30 14:25:00,164.98,165.1,164.8,164.99,8682,LH
2020-04-30 14:30:00,165.09,165.54,164.99,165.06,14211,LH
2020-04-30 14:35:00,165.02,165.02,164.7,165.0,6279,LH
2020-04-30 14:40:00,164.81,164.82,164.55,164.82,8699,LH
2020-04-30 14:45:00,164.91,165.13,164.84,164.92,10556,LH
2020-04-30 14:50:00,164.81,164.91,164.59,164.91,5496,LH
2020-04-30 14:55:00,164.83,164.89,164.6,164.84,9238,LH
2020-04-30 15:00:00,164.92,164.94,164.68,164.74,9057,LH
2020-04-30 15:05:00,164.75,165.01,164.74,164.91,15123,LH
2020-04-30 15:10:00,164.91,164.91,164.65,164.85,9771,LH
2020-04-30 15:15:00,164.87,165.02,164.79,164.84,17132,LH
2020-04-30 15:20:00,164.84,165.06,164.75,164.9,15016,LH
2020-04-30 15:25:00,164.91,165.01,164.75,164.75,16839,LH
2020-04-30 15:30:00,164.77,164.95,164.6,164.67,12067,LH
2020-04-30 15:35:00,164.65,164.86,164.53,164.78,18480,LH
2020-04-30 15:40:00,164.83,164.89,164.6,164.66,23042,LH
2020-04-30 15:45:00,164.65,164.72,164.53,164.65,55341,LH
2020-04-30 15:50:00,164.7,165.53,164.55,165.51,100976,LH
2020-04-30 15:55:00,165.5,165.52,164.44,164.5,148182,LH
2020-04-30 16:00:00,164.45,164.45,164.45,164.45,0,LH
2020-04-30 16:15:00,164.45,164.45,164.45,164.45,0,LH
2020-04-30 16:25:00,164.45,166.27,164.42,166.27,0,LH
2020-04-30 16:30:00,165.89,165.89,165.89,165.89,0,LH
2020-04-30 16:35:00,164.45,164.45,164.45,164.45,0,LH
2020-04-30 16:40:00,164.45,164.45,164.45,164.45,0,LH
2020-04-30 17:05:00,164.52,164.52,164.52,164.52,0,LH
2020-04-30 17:25:00,164.45,164.45,164.45,164.45,0,LH
2020-05-01 07:40:00,161.0,161.0,161.0,161.0,0,LH
2020-05-01 08:35:00,160.0,160.0,160.0,160.0,0,LH
2020-05-01 08:40:00,160.0,160.0,160.0,160.0,0,LH
2020-05-01 09:10:00,159.2,159.2,159.2,159.2,0,LH
2020-05-01 09:25:00,160.0,160.0,160.0,160.0,0,LH
2020-05-01 09:30:00,160.75,161.19,159.62,161.12,52889,LH
2020-05-01 09:35:00,161.19,161.35,159.78,160.01,34158,LH
2020-05-01 09:40:00,160.07,160.53,159.73,160.38,21794,LH
2020-05-01 09:45:00,160.46,160.51,159.68,159.76,20024,LH
2020-05-01 09:50:00,159.53,159.95,158.59,159.38,20141,LH
2020-05-01 09:55:00,159.2,159.52,158.77,159.52,12000,LH
2020-05-01 10:00:00,159.66,159.99,159.04,159.43,13215,LH
2020-05-01 10:05:00,159.43,159.88,159.35,159.38,10118,LH
2020-05-01 10:10:00,159.15,159.38,158.33,159.11,16227,LH
2020-05-01 10:15:00,159.18,159.97,159.18,159.52,24899,LH
2020-05-01 10:20:00,159.37,159.68,158.56,159.12,49846,LH
2020-05-01 10:25:00,159.25,160.05,159.2,160.05,6890,LH
2020-05-01 10:30:00,160.0,160.12,159.36,159.86,7271,LH
2020-05-01 10:35:00,160.0,160.28,159.91,160.02,6559,LH
2020-05-01 10:40:00,159.88,160.01,159.52,159.52,6861,LH
2020-05-01 10:45:00,159.6,159.99,159.57,159.88,5205,LH
2020-05-01 10:50:00,159.85,160.06,159.18,159.23,8341,LH
2020-05-01 10:55:00,158.9,158.98,158.42,158.65,14052,LH
2020-05-01 11:00:00,158.39,158.61,158.18,158.37,21564,LH
2020-05-01 11:05:00,158.43,158.43,158.07,158.12,7248,LH
2020-05-01 11:10:00,158.16,158.16,157.19,157.51,29218,LH
2020-05-01 11:15:00,157.49,157.79,156.75,157.12,16932,LH
2020-05-01 11:20:00,157.14,157.19,156.58,156.96,9212,LH
2020-05-01 11:25:00,156.83,156.95,156.58,156.76,12451,LH
2020-05-01 11:30:00,156.67,157.28,156.51,156.99,10305,LH
2020-05-01 11:35:00,157.0,157.12,156.91,156.91,5534,LH
2020-05-01 11:40:00,157.02,157.06,156.03,156.03,24517,LH
2020-05-01 11:45:00,156.16,156.46,155.7,156.19,22056,LH
2020-05-01 11:50:00,156.12,156.15,155.93,156.0,10646,LH
2020-05-01 11:55:00,156.07,156.1,155.57,155.93,11287,LH
2020-05-01 12:00:00,155.9,155.92,155.13,155.21,14680,LH
2020-05-01 12:05:00,155.15,155.33,154.86,155.07,15603,LH
2020-05-01 12:10:00,155.14,155.73,155.1,155.4,22286,LH
2020-05-01 12:15:00,155.41,155.52,154.9,154.99,24495,LH
2020-05-01 12:20:00,155.06,155.22,154.93,154.98,33914,LH
2020-05-01 12:25:00,154.99,155.15,154.64,154.68,31407,LH
2020-05-01 12:30:00,154.76,155.0,154.5,155.0,11978,LH
2020-05-01 12:35:00,155.02,155.15,154.63,154.63,10270,LH
2020-05-01 12:40:00,154.5,154.52,153.74,153.85,18159,LH
2020-05-01 12:45:00,153.81,154.46,153.81,154.35,10507,LH
2020-05-01 12:50:00,154.29,154.72,154.25,154.64,13339,LH
2020-05-01 12:55:00,154.62,154.86,154.53,154.78,7623,LH
2020-05-01 13:00:00,154.8,155.12,154.76,154.96,11306,LH
2020-05-01 13:05:00,154.97,155.1,154.88,155.07,18330,LH
2020-05-01 13:10:00,155.1,155.19,154.99,155.13,7314,LH
2020-05-01 13:15:00,155.21,155.31,154.64,154.64,64579,LH
2020-05-01 13:20:00,154.72,154.75,153.82,153.9,24114,LH
2020-05-01 13:25:00,153.91,154.4,153.87,154.27,10253,LH
2020-05-01 13:30:00,154.26,155.23,154.23,155.23,17050,LH
2020-05-01 13:35:00,155.23,155.6,155.18,155.46,7796,LH
2020-05-01 13:40:00,155.41,155.65,155.38,155.65,17326,LH
2020-05-01 13:45:00,155.53,155.91,155.49,155.51,9183,LH
2020-05-01 13:50:00,155.66,155.74,155.43,155.56,8668,LH
2020-05-01 13:55:00,155.54,155.83,155.52,155.75,10450,LH
2020-05-01 14:00:00,155.71,156.36,155.55,156.25,18506,LH
2020-05-01 14:05:00,156.33,156.44,156.03,156.13,11793,LH
2020-05-01 14:10:00,156.16,156.29,156.12,156.19,6322,LH
2020-05-01 14:15:00,156.21,156.67,156.21,156.46,13161,LH
2020-05-01 14:20:00,156.51,157.05,156.46,157.05,8594,LH
2020-05-01 14:25:00,156.95,157.09,156.84,157.09,11307,LH
2020-05-01 14:30:00,157.0,157.06,156.82,156.91,8860,LH
2020-05-01 14:35:00,156.96,157.07,156.87,157.07,10409,LH
2020-05-01 14:40:00,157.08,157.4,156.9,156.98,9632,LH
2020-05-01 14:45:00,156.98,157.14,156.87,157.11,10850,LH
2020-05-01 14:50:00,156.99,157.06,156.86,157.04,6364,LH
2020-05-01 14:55:00,157.09,157.09,156.87,157.0,6181,LH
2020-05-01 15:00:00,156.95,157.07,156.74,156.74,12376,LH
2020-05-01 15:05:00,156.7,156.9,156.68,156.9,12147,LH
2020-05-01 15:10:00,156.9,157.36,156.84,157.33,18444,LH
2020-05-01 15:15:00,157.3,157.47,157.27,157.38,13256,LH
2020-05-01 15:20:00,157.44,157.66,157.38,157.54,22107,LH
2020-05-01 15:25:00,157.52,157.61,157.32,157.36,15695,LH
2020-05-01 15:30:00,157.35,157.56,157.19,157.22,17789,LH
2020-05-01 15:35:00,157.27,157.62,157.17,157.38,24850,LH
2020-05-01 15:40:00,157.44,157.9,157.41,157.67,25167,LH
2020-05-01 15:45:00,157.65,157.86,157.33,157.82,30195,LH
2020-05-01 15:50:00,157.78,157.86,157.43,157.83,32739,LH
2020-05-01 15:55:00,157.85,159.17,157.85,159.03,113899,LH
2020-05-01 16:00:00,159.03,159.03,159.03,159.03,70350,LH
2020-05-01 16:15:00,159.03,159.03,159.03,159.03,0,LH
2020-05-01 16:25:00,157.28,157.28,157.28,157.28,0,LH
2020-05-01 16:45:00,159.03,159.03,159.03,159.03,0,LH
2020-05-01 18:35:00,160.35,160.35,160.0,160.0,0,LH
2020-05-04 08:05:00,156.25,156.25,156.25,156.25,0,LH
2020-05-04 08:55:00,158.53,158.53,158.53,158.53,0,LH
2020-05-04 09:00:00,156.14,156.14,156.14,156.14,0,LH
2020-05-04 09:05:00,156.01,156.01,156.01,156.01,0,LH
2020-05-04 09:30:00,156.85,157.85,155.78,156.87,45956,LH
2020-05-04 09:35:00,156.99,157.68,156.63,157.45,32457,LH
2020-05-04 09:40:00,157.68,157.91,157.45,157.65,8655,LH
2020-05-04 09:45:00,157.61,157.74,157.22,157.31,8421,LH
2020-05-04 09:50:00,157.12,157.43,156.68,157.26,16203,LH
2020-05-04 09:55:00,157.27,158.0,157.07,158.0,40400,LH
2020-05-04 10:00:00,157.96,158.06,157.58,158.03,15439,LH
2020-05-04 10:05:00,158.08,158.21,157.8,157.88,6135,LH
2020-05-04 10:10:00,157.89,158.1,157.81,158.04,7003,LH
2020-05-04 10:15:00,157.95,158.98,157.81,158.76,14417,LH
2020-05-04 10:20:00,158.75,158.81,158.06,158.19,11409,LH
2020-05-04 10:25:00,158.27,158.44,158.04,158.44,10023,LH
2020-05-04 10:30:00,158.23,158.28,157.79,157.79,12000,LH
2020-05-04 10:35:00,157.59,157.99,157.59,157.82,4808,LH
2020-05-04 10:40:00,157.81,158.22,157.74,158.11,5329,LH
2020-05-04 10:45:00,158.04,158.04,157.63,157.76,9453,LH
2020-05-04 10:50:00,157.7,157.72,157.49,157.61,11094,LH
2020-05-04 10:55:00,157.6,157.6,156.92,156.92,12750,LH
2020-05-04 11:00:00,156.85,156.99,156.75,156.93,7368,LH
2020-05-04 11:05:00,156.82,157.46,156.82,157.28,5376,LH
2020-05-04 11:10:00,157.37,157.62,157.13,157.19,5860,LH
2020-05-04 11:15:00,157.28,157.7,157.28,157.68,3957,LH
2020-05-04 11:20:00,157.61,157.67,156.95,157.33,8274,LH
2020-05-04 11:25:00,157.33,157.33,156.63,157.07,9855,LH
2020-05-04 11:30:00,157.07,157.07,156.82,156.96,12262,LH
2020-05-04 11:35:00,157.09,157.64,157.07,157.29,35554,LH
2020-05-04 11:40:00,157.29,157.47,157.02,157.16,18261,LH
2020-05-04 11:45:00,157.16,157.36,157.02,157.16,10132,LH
2020-05-04 11:50:00,157.26,157.36,157.15,157.29,18642,LH
2020-05-04 11:55:00,157.35,157.36,157.12,157.19,7022,LH
2020-05-04 12:00:00,157.24,157.51,157.24,157.51,6290,LH
2020-05-04 12:05:00,157.54,157.82,157.51,157.82,3180,LH
2020-05-04 12:10:00,157.73,158.07,157.63,157.91,5369,LH
2020-05-04 12:15:00,157.72,157.94,157.67,157.78,7927,LH
2020-05-04 12:20:00,157.67,158.0,157.67,158.0,6934,LH
2020-05-04 12:25:00,157.96,158.24,157.91,158.16,2979,LH
2020-05-04 12:30:00,158.35,158.52,158.02,158.09,5491,LH
2020-05-04 12:35:00,158.02,158.03,157.6,157.63,4247,LH
2020-05-04 12:40:00,157.68,157.68,157.49,157.64,6337,LH
2020-05-04 12:45:00,157.6,157.73,157.59,157.6,4970,LH
2020-05-04 12:50:00,157.65,157.97,157.54,157.58,11045,LH
2020-05-04 12:55:00,157.54,157.63,157.37,157.41,5029,LH
2020-05-04 13:00:00,157.47,157.62,157.46,157.46,10012,LH
2020-05-04 13:05:00,157.46,157.63,157.41,157.51,12013,LH
2020-05-04 13:10:00,157.52,157.52,157.22,157.35,5746,LH
2020-05-04 13:15:00,157.35,157.45,156.92,157.07,7387,LH
2020-05-04 13:20:00,157.17,157.17,156.96,157.16,1883,LH
2020-05-04 13:25:00,157.24,157.49,157.18,157.37,5811,LH
2020-05-04 13:30:00,157.32,157.58,157.31,157.32,4265,LH
2020-05-04 13:35:00,157.3,157.3,156.74,156.91,14812,LH
2020-05-04 13:40:00,156.95,156.97,156.63,156.69,3049,LH
2020-05-04 13:45:00,156.74,156.89,156.72,156.77,3984,LH
2020-05-04 13:50:00,156.7,156.82,156.66,156.8,6867,LH
2020-05-04 13:55:00,156.76,156.93,156.75,156.85,12145,LH
2020-05-04 14:00:00,156.82,156.82,156.57,156.59,15234,LH
2020-05-04 14:05:00,156.59,156.6,155.9,155.98,12659,LH
2020-05-04 14:10:00,155.96,156.14,155.93,156.04,7118,LH
2020-05-04 14:15:00,155.97,156.04,155.91,156.04,5674,LH
2020-05-04 14:20:00,155.82,155.98,155.82,155.89,3529,LH
2020-05-04 14:25:00,155.82,155.9,155.63,155.82,12759,LH
2020-05-04 14:30:00,155.76,156.3,155.76,156.16,10674,LH
2020-05-04 14:35:00,156.05,156.51,156.04,156.18,9936,LH
2020-05-04 14:40:00,156.18,156.28,156.09,156.28,4763,LH
2020-05-04 14:45:00,156.25,156.74,156.22,156.63,7335,LH
2020-05-04 14:50:00,156.77,156.97,156.55,156.68,10643,LH
2020-05-04 14:55:00,156.6,157.01,156.57,156.81,8347,LH
2020-05-04 15:00:00,156.82,157.09,156.8,156.87,10048,LH
2020-05-04 15:05:00,156.87,156.93,156.78,156.93,8676,LH
2020-05-04 15:10:00,156.88,157.15,156.75,156.75,10326,LH
2020-05-04 15:15:00,156.81,156.89,156.51,156.84,17654,LH
2020-05-04 15:20:00,156.73,157.18,156.68,157.18,12346,LH
2020-05-04 15:25:00,157.22,157.66,157.05,157.49,15523,LH
2020-05-04 15:30:00,157.5,157.93,157.45,157.93,12780,LH
2020-05-04 15:35:00,157.79,157.95,157.79,157.88,9362,LH
2020-05-04 15:40:00,157.84,158.0,157.8,157.8,21090,LH
2020-05-04 15:45:00,157.78,157.98,157.72,157.98,18866,LH
2020-05-04 15:50:00,157.76,157.94,157.49,157.76,45102,LH
2020-05-04 15:55:00,157.76,157.93,157.59,157.77,92995,LH
2020-05-04 16:00:00,157.9,157.9,157.65,157.65,0,LH
2020-05-04 16:15:00,157.65,157.65,157.65,157.65,0,LH
2020-05-04 16:25:00,157.34,157.34,157.34,157.34,0,LH
2020-05-04 19:25:00,157.0,157.0,157.0,157.0,0,LH
2020-05-05 08:15:00,157.5,157.5,157.5,157.5,0,LH
2020-05-05 09:30:00,159.69,161.73,159.37,161.69,69126,LH
2020-05-05 09:35:00,161.89,162.89,161.89,162.33,14918,LH
2020-05-05 09:40:00,162.32,162.92,161.76,162.36,31406,LH
2020-05-05 09:45:00,162.58,163.24,162.07,163.2,11833,LH
2020-05-05 09:50:00,163.18,163.64,162.96,163.3,18285,LH
2020-05-05 09:55:00,163.24,163.61,163.22,163.25,8651,LH
2020-05-05 10:00:00,163.23,163.48,162.99,163.2,11267,LH
2020-05-05 10:05:00,163.08,163.99,162.77,163.95,12207,LH
2020-05-05 10:10:00,163.94,163.95,163.04,163.06,11241,LH
2020-05-05 10:15:00,163.19,163.44,162.78,162.99,9650,LH
2020-05-05 10:20:00,162.99,163.22,162.35,162.99,18537,LH
2020-05-05 10:25:00,162.99,163.13,162.59,162.62,13729,LH
2020-05-05 10:30:00,162.69,162.69,162.0,162.01,6713,LH
2020-05-05 10:35:00,162.18,162.33,162.0,162.08,4496,LH
2020-05-05 10:40:00,162.05,162.23,161.36,161.46,9379,LH
2020-05-05 10:45:00,161.5,161.73,161.15,161.6,8295,LH
2020-05-05 10:50:00,161.68,161.68,161.22,161.29,6313,LH
2020-05-05 10:55:00,161.44,161.7,161.26,161.63,7606,LH
2020-05-05 11:00:00,161.61,161.83,161.49,161.83,5408,LH
2020-05-05 11:05:00,161.75,161.88,161.65,161.75,9078,LH
2020-05-05 11:10:00,161.75,161.9,161.65,161.82,8640,LH
2020-05-05 11:15:00,161.73,162.09,161.36,162.09,7918,LH
2020-05-05 11:20:00,162.07,162.59,161.99,162.35,13850,LH
2020-05-05 11:25:00,162.38,162.66,162.08,162.66,6401,LH
2020-05-05 11:30:00,162.57,162.87,162.57,162.85,11289,LH
2020-05-05 11:35:00,162.77,162.96,162.68,162.95,7922,LH
2020-05-05 11:40:00,163.0,163.4,162.96,163.12,11140,LH
2020-05-05 11:45:00,163.16,163.27,162.85,163.07,12013,LH
2020-05-05 11:50:00,163.03,163.16,162.87,163.13,9316,LH
2020-05-05 11:55:00,163.16,163.45,162.98,163.38,11069,LH
2020-05-05 12:00:00,163.45,163.57,163.25,163.49,10276,LH
2020-05-05 12:05:00,163.56,163.87,163.45,163.64,4450,LH
2020-05-05 12:10:00,163.53,163.91,163.53,163.72,3370,LH
2020-05-05 12:15:00,163.72,163.88,163.47,163.74,3501,LH
2020-05-05 12:20:00,163.55,163.85,163.55,163.71,6192,LH
2020-05-05 12:25:00,163.79,163.81,163.6,163.68,7045,LH
2020-05-05 12:30:00,163.63,164.03,163.45,163.51,11851,LH
2020-05-05 12:35:00,163.32,163.49,163.22,163.44,2121,LH
2020-05-05 12:40:00,163.35,163.46,163.06,163.21,6000,LH
2020-05-05 12:45:00,163.24,163.38,163.17,163.38,3132,LH
2020-05-05 12:50:00,163.34,163.4,163.1,163.4,4310,LH
2020-05-05 12:55:00,163.26,163.38,163.06,163.36,5110,LH
2020-05-05 13:00:00,163.32,163.63,163.28,163.47,5837,LH
2020-05-05 13:05:00,163.48,163.75,163.45,163.75,8463,LH
2020-05-05 13:10:00,163.68,163.79,163.46,163.79,10258,LH
2020-05-05 13:15:00,163.76,163.87,163.69,163.77,4510,LH
2020-05-05 13:20:00,163.45,163.66,163.31,163.46,6162,LH
2020-05-05 13:25:00,163.49,163.75,163.46,163.62,6127,LH
2020-05-05 13:30:00,163.76,163.97,163.71,163.9,6420,LH
2020-05-05 13:35:00,163.96,164.2,163.9,164.14,7174,LH
2020-05-05 13:40:00,164.17,164.21,163.99,164.13,3955,LH
2020-05-05 13:45:00,164.09,164.31,164.09,164.29,6043,LH
2020-05-05 13:50:00,164.22,164.29,164.05,164.22,6791,LH
2020-05-05 13:55:00,164.29,164.32,164.06,164.17,4804,LH
2020-05-05 14:00:00,164.32,164.6,164.2,164.51,6157,LH
2020-05-05 14:05:00,164.5,164.6,164.44,164.6,5214,LH
2020-05-05 14:10:00,164.46,164.82,164.46,164.8,8703,LH
2020-05-05 14:15:00,164.8,164.88,164.64,164.78,7908,LH
2020-05-05 14:20:00,164.81,164.81,164.56,164.74,37554,LH
2020-05-05 14:25:00,164.76,164.91,164.65,164.84,6272,LH
2020-05-05 14:30:00,164.83,164.87,164.58,164.58,5765,LH
2020-05-05 14:35:00,164.65,164.68,164.09,164.27,5833,LH
2020-05-05 14:40:00,164.11,164.39,164.08,164.24,7317,LH
2020-05-05 14:45:00,164.39,164.39,164.15,164.34,5932,LH
2020-05-05 14:50:00,164.28,164.39,164.24,164.25,3431,LH
2020-05-05 14:55:00,164.27,164.78,164.27,164.77,5636,LH
2020-05-05 15:00:00,164.59,164.75,164.59,164.73,6812,LH
2020-05-05 15:05:00,164.78,164.84,164.68,164.84,4353,LH
2020-05-05 15:10:00,164.81,164.9,164.68,164.88,7085,LH
2020-05-05 15:15:00,164.69,164.73,164.07,164.07,9922,LH
2020-05-05 15:20:00,164.15,164.29,163.91,164.11,9801,LH
2020-05-05 15:25:00,164.1,164.22,163.34,163.43,8606,LH
2020-05-05 15:30:00,163.42,163.56,163.02,163.13,9703,LH
2020-05-05 15:35:00,163.11,163.16,162.48,162.48,8671,LH
2020-05-05 15:40:00,162.4,162.98,162.3,162.98,15984,LH
2020-05-05 15:45:00,162.92,163.14,162.75,163.1,11746,LH
2020-05-05 15:50:00,163.29,163.69,163.11,163.47,24962,LH
2020-05-05 15:55:00,163.37,163.37,162.74,162.9,44957,LH
2020-05-05 16:00:00,162.75,162.99,162.75,162.75,50405,LH
2020-05-05 16:15:00,162.75,162.75,162.75,162.75,0,LH
2020-05-05 16:25:00,162.99,162.99,162.99,162.99,0,LH
2020-05-05 16:55:00,162.05,162.05,162.05,162.05,0,LH
2020-05-05 17:10:00,162.75,162.75,162.75,162.75,0,LH
2020-05-05 17:45:00,163.0,163.0,163.0,163.0,0,LH
2020-05-05 18:30:00,163.0,163.0,163.0,163.0,0,LH
2020-05-05 19:40:00,163.0,163.0,163.0,163.0,0,LH
2020-05-06 09:30:00,163.8,164.87,163.8,164.52,13159,LH
2020-05-06 09:35:00,164.39,164.61,163.01,163.01,10415,LH
2020-05-06 09:40:00,162.75,162.75,161.76,162.01,5445,LH
2020-05-06 09:45:00,161.74,162.12,160.45,160.9,8690,LH
2020-05-06 09:50:00,160.74,161.76,160.74,160.91,5156,LH
2020-05-06 09:55:00,160.97,160.97,160.0,160.79,10001,LH
2020-05-06 10:00:00,160.5,161.35,160.01,160.01,5036,LH
2020-05-06 10:05:00,159.99,160.66,159.81,160.07,7317,LH
2020-05-06 10:10:00,159.93,159.93,159.39,159.51,7514,LH
2020-05-06 10:15:00,159.36,160.06,159.33,159.9,5989,LH
2020-05-06 10:20:00,159.72,160.35,159.72,160.35,4270,LH
2020-05-06 10:25:00,160.38,161.03,160.33,161.03,6028,LH
2020-05-06 10:30:00,160.85,161.17,160.72,161.17,6280,LH
2020-05-06 10:35:00,161.16,161.16,160.66,160.66,4548,LH
2020-05-06 10:40:00,160.41,161.53,160.27,161.53,5991,LH
2020-05-06 10:45:00,161.65,161.65,161.49,161.49,3808,LH
2020-05-06 10:50:00,161.46,161.46,161.18,161.18,1346,LH
2020-05-06 10:55:00,161.1,161.17,160.92,161.08,4624,LH
2020-05-06 11:00:00,161.12,161.44,161.11,161.28,3036,LH
2020-05-06 11:05:00,161.2,161.2,160.95,161.03,5220,LH
2020-05-06 11:10:00,161.02,161.02,160.6,160.76,4687,LH
2020-05-06 11:15:00,160.66,160.66,160.33,160.39,3667,LH
2020-05-06 11:20:00,160.4,160.4,160.0,160.0,5243,LH
2020-05-06 11:25:00,159.8,160.4,159.8,160.4,3967,LH
2020-05-06 11:30:00,160.39,160.51,160.21,160.51,5665,LH
2020-05-06 11:35:00,160.43,160.8,160.37,160.8,2867,LH
2020-05-06 11:40:00,160.93,160.96,160.57,160.64,4356,LH
2020-05-06 11:45:00,160.49,160.87,160.42,160.42,4202,LH
2020-05-06 11:50:00,160.29,160.6,160.24,160.59,2612,LH
2020-05-06 11:55:00,160.58,160.72,160.49,160.67,4150,LH
2020-05-06 12:00:00,160.64,161.13,160.46,161.13,4028,LH
2020-05-06 12:05:00,160.91,160.98,160.77,160.85,3199,LH
2020-05-06 12:10:00,160.77,160.86,160.71,160.82,2869,LH
2020-05-06 12:15:00,161.03,161.12,160.93,161.12,2928,LH
2020-05-06 12:20:00,161.03,161.08,160.95,161.08,2098,LH
2020-05-06 12:25:00,161.07,161.36,161.07,161.24,2195,LH
2020-05-06 12:30:00,161.17,161.39,161.17,161.39,1506,LH
2020-05-06 12:35:00,161.32,161.43,161.24,161.4,2941,LH
2020-05-06 12:40:00,161.41,161.41,161.2,161.2,3055,LH
2020-05-06 12:45:00,161.26,161.56,161.26,161.56,1672,LH
2020-05-06 12:50:00,161.57,161.68,161.51,161.68,4140,LH
2020-05-06 12:55:00,161.54,161.61,161.1,161.1,2963,LH
2020-05-06 13:00:00,161.17,161.17,160.81,161.02,3959,LH
2020-05-06 13:05:00,160.92,161.12,160.92,161.01,2855,LH
2020-05-06 13:10:00,160.96,161.16,160.95,161.11,2098,LH
2020-05-06 13:15:00,161.09,161.52,161.05,161.39,11961,LH
2020-05-06 13:20:00,161.41,161.42,161.1,161.1,2384,LH
2020-05-06 13:25:00,161.5,161.84,161.42,161.78,1841,LH
2020-05-06 13:30:00,161.72,161.77,161.63,161.63,2476,LH
2020-05-06 13:35:00,161.66,161.89,161.51,161.82,3230,LH
2020-05-06 13:40:00,161.76,161.78,161.66,161.74,1928,LH
2020-05-06 13:45:00,161.71,161.9,161.6,161.9,4199,LH
2020-05-06 13:50:00,161.93,162.0,161.86,161.97,2481,LH
2020-05-06 13:55:00,161.88,161.93,161.79,161.86,1822,LH
2020-05-06 14:00:00,161.81,161.81,161.28,161.38,3588,LH
2020-05-06 14:05:00,161.48,161.58,161.31,161.31,4182,LH
2020-05-06 14:10:00,161.42,161.42,161.03,161.09,3748,LH
2020-05-06 14:15:00,161.25,161.38,161.01,161.01,3927,LH
2020-05-06 14:20:00,161.1,161.1,160.36,160.51,9980,LH
2020-05-06 14:25:00,160.48,160.57,160.06,160.1,13543,LH
2020-05-06 14:30:00,160.1,160.7,159.9,160.7,7016,LH
2020-05-06 14:35:00,160.67,160.72,160.41,160.48,5834,LH
2020-05-06 14:40:00,160.63,160.95,160.38,160.78,4934,LH
2020-05-06 14:45:00,160.88,161.03,160.88,160.98,3244,LH
2020-05-06 14:50:00,160.96,161.02,160.96,161.02,3815,LH
2020-05-06 14:55:00,161.0,161.04,160.82,160.82,8108,LH
2020-05-06 15:00:00,160.84,160.92,160.71,160.79,5019,LH
2020-05-06 15:05:00,160.84,160.87,160.71,160.87,3489,LH
2020-05-06 15:10:00,160.77,160.79,160.46,160.7,7073,LH
2020-05-06 15:15:00,160.72,160.89,160.65,160.79,4266,LH
2020-05-06 15:20:00,160.76,160.77,160.44,160.49,5761,LH
2020-05-06 15:25:00,160.58,160.65,160.43,160.65,3973,LH
2020-05-06 15:30:00,160.56,160.56,159.81,159.81,7350,LH
2020-05-06 15:35:00,159.88,159.91,159.37,159.7,8170,LH
2020-05-06 15:40:00,159.77,159.8,159.3,159.77,9530,LH
2020-05-06 15:45:00,159.59,159.68,159.16,159.16,12443,LH
2020-05-06 15:50:00,159.06,159.68,158.86,159.61,12457,LH
2020-05-06 15:55:00,159.54,159.6,159.15,159.25,30542,LH
2020-05-06 16:00:00,159.1,159.1,159.1,159.1,0,LH
2020-05-06 16:15:00,159.1,159.1,159.1,159.1,0,LH
2020-05-07 08:15:00,161.0,161.0,161.0,161.0,0,LH
2020-05-07 08:35:00,159.13,159.13,159.1,159.1,0,LH
2020-05-07 09:30:00,160.62,161.49,160.49,160.7,22736,LH
2020-05-07 09:35:00,160.53,161.59,160.45,161.59,6133,LH
2020-05-07 09:40:00,161.66,162.0,161.57,161.99,8755,LH
2020-05-07 09:45:00,161.64,161.64,161.2,161.25,3514,LH
2020-05-07 09:50:00,161.36,161.99,161.17,161.62,6372,LH
2020-05-07 09:55:00,161.8,162.23,161.6,161.95,6573,LH
2020-05-07 10:00:00,161.96,162.08,161.61,161.96,6705,LH
2020-05-07 10:05:00,161.96,162.04,161.26,161.34,3547,LH
2020-05-07 10:10:00,161.3,161.35,160.71,161.35,5098,LH
2020-05-07 10:15:00,161.29,162.21,161.15,162.12,10858,LH
2020-05-07 10:20:00,162.07,162.43,161.84,161.99,5596,LH
2020-05-07 10:25:00,162.14,162.44,162.01,162.04,2495,LH
2020-05-07 10:30:00,161.9,162.02,161.51,161.6,5820,LH
2020-05-07 10:35:00,161.71,161.74,161.32,161.43,5413,LH
2020-05-07 10:40:00,161.64,162.34,161.64,161.9,7552,LH
2020-05-07 10:45:00,161.95,161.95,161.31,161.4,6061,LH
2020-05-07 10:50:00,161.49,161.57,161.3,161.41,4721,LH
2020-05-07 10:55:00,161.61,161.61,161.21,161.42,5258,LH
2020-05-07 11:00:00,161.35,161.39,161.22,161.31,1893,LH
2020-05-07 11:05:00,161.21,161.21,160.65,160.65,3507,LH
2020-05-07 11:10:00,160.65,160.99,160.65,160.94,2475,LH
2020-05-07 11:15:00,160.8,160.87,160.63,160.72,5786,LH
2020-05-07 11:20:00,160.65,160.65,160.39,160.47,2703,LH
2020-05-07 11:25:00,160.36,160.72,160.27,160.69,3364,LH
2020-05-07 11:30:00,160.73,161.22,160.73,161.11,5330,LH
2020-05-07 11:35:00,161.06,161.16,160.8,160.8,3793,LH
2020-05-07 11:40:00,160.79,161.21,160.79,161.21,2340,LH
2020-05-07 11:45:00,161.4,161.57,161.38,161.38,2876,LH
2020-05-07 11:50:00,161.45,161.71,161.37,161.71,5104,LH
2020-05-07 11:55:00,161.64,161.88,161.64,161.86,1945,LH
2020-05-07 12:00:00,161.86,162.31,161.73,161.73,4465,LH
2020-05-07 12:05:00,161.73,161.96,161.64,161.85,2548,LH
2020-05-07 12:10:00,161.75,161.93,161.7,161.7,4367,LH
2020-05-07 12:15:00,161.77,161.91,161.42,161.42,3542,LH
2020-05-07 12:20:00,161.48,161.56,161.43,161.49,2584,LH
2020-05-07 12:25:00,161.51,161.63,161.34,161.4,7334,LH
2020-05-07 12:30:00,161.32,161.45,161.24,161.33,5946,LH
2020-05-07 12:35:00,161.33,161.53,161.09,161.19,5000,LH
2020-05-07 12:40:00,161.17,161.21,160.81,161.08,2408,LH
2020-05-07 12:45:00,161.06,161.13,160.68,160.78,2948,LH
2020-05-07 12:50:00,160.7,161.02,160.7,161.01,3947,LH
2020-05-07 12:55:00,160.99,161.06,160.81,160.98,5973,LH
2020-05-07 13:00:00,160.95,161.07,160.77,160.92,5313,LH
2020-05-07 13:05:00,160.97,160.97,160.88,160.93,3332,LH
2020-05-07 13:10:00,160.93,160.98,160.88,160.93,6956,LH
2020-05-07 13:15:00,160.97,160.98,160.85,160.9,4164,LH
2020-05-07 13:20:00,161.0,161.07,160.78,160.79,4753,LH
2020-05-07 13:25:00,160.86,160.95,160.73,160.73,2480,LH
2020-05-07 13:30:00,160.86,161.1,160.86,161.06,3326,LH
2020-05-07 13:35:00,161.12,161.15,160.7,160.7,4792,LH
2020-05-07 13:40:00,160.63,160.79,160.51,160.76,4798,LH
2020-05-07 13:45:00,160.7,161.06,160.7,160.91,3801,LH
2020-05-07 13:50:00,160.88,160.9,160.63,160.66,2465,LH
2020-05-07 13:55:00,160.68,160.78,160.46,160.53,4503,LH
2020-05-07 14:00:00,160.5,160.55,159.84,160.0,9569,LH
2020-05-07 14:05:00,159.88,160.1,159.88,160.02,5230,LH
2020-05-07 14:10:00,160.03,160.53,160.03,160.53,4769,LH
2020-05-07 14:15:00,160.47,160.62,160.32,160.4,8881,LH
2020-05-07 14:20:00,160.34,160.61,160.19,160.33,5392,LH
2020-05-07 14:25:00,160.26,160.38,160.15,160.3,4546,LH
2020-05-07 14:30:00,160.34,160.59,160.34,160.35,5737,LH
2020-05-07 14:35:00,160.43,160.6,160.36,160.36,3107,LH
2020-05-07 14:40:00,160.37,160.37,159.95,159.95,3839,LH
2020-05-07 14:45:00,160.03,160.1,159.8,160.02,4323,LH
2020-05-07 14:50:00,160.12,160.28,160.07,160.18,3858,LH
2020-05-07 14:55:00,160.26,160.26,160.04,160.06,6036,LH
2020-05-07 15:00:00,160.14,160.33,159.84,160.19,7571,LH
2020-05-07 15:05:00,160.18,160.37,160.18,160.23,5066,LH
2020-05-07 15:10:00,160.22,160.39,160.06,160.14,5394,LH
2020-05-07 15:15:00,160.08,160.08,159.48,159.79,5510,LH
2020-05-07 15:20:00,159.82,159.93,159.67,159.8,4648,LH
2020-05-07 15:25:00,159.9,160.08,159.84,159.87,8622,LH
2020-05-07 15:30:00,159.93,159.99,159.62,159.99,7725,LH
2020-05-07 15:35:00,160.03,160.24,159.9,160.01,8909,LH
2020-05-07 15:40:00,160.0,160.17,159.76,159.89,8995,LH
2020-05-07 15:45:00,159.94,160.17,159.92,159.96,9814,LH
2020-05-07 15:50:00,159.95,160.3,159.88,160.11,14986,LH
2020-05-07 15:55:00,160.11,160.16,159.73,160.05,34449,LH
2020-05-07 16:00:00,160.05,160.18,160.05,160.18,0,LH
2020-05-07 16:15:00,160.18,160.18,160.18,160.18,0,LH
2020-05-07 18:15:00,160.19,160.19,160.19,160.19,0,LH
2020-05-08 09:15:00,162.4,162.4,162.4,162.4,0,LH
2020-05-08 09:30:00,162.4,163.5,162.26,162.26,15130,LH
2020-05-08 09:35:00,162.07,162.85,160.6,161.0,8201,LH
2020-05-08 09:40:00,161.15,162.0,161.15,161.84,12425,LH
2020-05-08 09:45:00,162.03,162.68,162.03,162.68,1735,LH
2020-05-08 09:50:00,162.95,163.0,161.93,161.93,6884,LH
2020-05-08 09:55:00,162.17,162.91,162.15,162.74,6773,LH
2020-05-08 10:00:00,162.9,163.17,162.75,162.75,5028,LH
2020-05-08 10:05:00,162.63,163.56,162.51,163.56,13301,LH
2020-05-08 10:10:00,163.28,163.63,163.28,163.47,3081,LH
2020-05-08 10:15:00,163.34,163.6,163.14,163.51,6077,LH
2020-05-08 10:20:00,163.36,163.46,163.24,163.34,1530,LH
2020-05-08 10:25:00,162.95,163.13,162.59,162.9,6578,LH
2020-05-08 10:30:00,162.9,163.05,162.61,162.82,9872,LH
2020-05-08 10:35:00,162.73,162.94,162.63,162.82,3235,LH
2020-05-08 10:40:00,162.9,162.95,162.38,162.46,5199,LH
2020-05-08 10:45:00,162.47,162.86,162.47,162.84,2493,LH
2020-05-08 10:50:00,162.85,162.85,162.66,162.85,2097,LH
2020-05-08 10:55:00,162.95,162.95,162.41,162.72,6470,LH
2020-05-08 11:00:00,162.66,162.88,162.47,162.79,9439,LH
2020-05-08 11:05:00,162.79,163.09,162.76,163.09,8682,LH
2020-05-08 11:10:00,163.0,163.43,163.0,163.41,4166,LH
2020-05-08 11:15:00,163.39,164.0,163.39,163.99,4064,LH
2020-05-08 11:20:00,163.97,164.1,163.62,163.85,7549,LH
2020-05-08 11:25:00,163.86,164.2,163.86,164.04,5883,LH
2020-05-08 11:30:00,164.13,164.63,164.12,164.48,9814,LH
2020-05-08 11:35:00,164.48,164.71,164.48,164.59,4729,LH
2020-05-08 11:40:00,164.55,164.88,164.55,164.82,6993,LH
2020-05-08 11:45:00,164.8,164.86,164.49,164.69,4707,LH
2020-05-08 11:50:00,164.68,164.84,164.55,164.84,2105,LH
2020-05-08 11:55:00,164.75,164.93,164.74,164.86,3546,LH
2020-05-08 12:00:00,164.94,165.31,164.92,165.26,9342,LH
2020-05-08 12:05:00,165.33,165.55,165.17,165.42,6338,LH
2020-05-08 12:10:00,165.39,165.54,165.37,165.54,3513,LH
2020-05-08 12:15:00,165.57,165.57,165.27,165.35,3543,LH
2020-05-08 12:20:00,165.34,165.44,165.27,165.34,9476,LH
2020-05-08 12:25:00,165.34,165.5,165.29,165.5,4410,LH
2020-05-08 12:30:00,165.51,165.59,165.31,165.43,9086,LH
2020-05-08 12:35:00,165.45,165.61,165.45,165.58,3083,LH
2020-05-08 12:40:00,165.6,165.71,165.52,165.61,2768,LH
2020-05-08 12:45:00,165.62,165.63,165.33,165.46,4408,LH
2020-05-08 12:50:00,165.51,165.75,165.51,165.75,4604,LH
2020-05-08 12:55:00,165.78,165.88,165.72,165.73,4954,LH
2020-05-08 13:00:00,165.84,165.85,165.71,165.85,3242,LH
2020-05-08 13:05:00,165.75,165.75,165.46,165.64,9280,LH
2020-05-08 13:10:00,165.66,165.85,165.66,165.84,2582,LH
2020-05-08 13:15:00,165.85,166.02,165.79,165.96,7616,LH
2020-05-08 13:20:00,165.97,165.98,165.8,165.8,6505,LH
2020-05-08 13:25:00,165.76,165.83,165.63,165.65,2542,LH
2020-05-08 13:30:00,165.67,165.67,165.52,165.57,2817,LH
2020-05-08 13:35:00,165.63,165.73,165.56,165.59,4844,LH
2020-05-08 13:40:00,165.58,165.64,165.44,165.52,7583,LH
2020-05-08 13:45:00,165.54,165.57,165.35,165.53,7352,LH
2020-05-08 13:50:00,165.54,165.66,165.48,165.48,4228,LH
2020-05-08 13:55:00,165.52,165.68,165.52,165.66,3060,LH
2020-05-08 14:00:00,165.67,165.73,165.55,165.64,5806,LH
2020-05-08 14:05:00,165.7,165.77,165.58,165.69,5048,LH
2020-05-08 14:10:00,165.75,165.94,165.69,165.87,4503,LH
2020-05-08 14:15:00,165.91,166.02,165.91,165.99,5037,LH
2020-05-08 14:20:00,166.03,166.29,166.03,166.13,8768,LH
2020-05-08 14:25:00,166.12,166.27,166.12,166.13,4187,LH
2020-05-08 14:30:00,166.21,166.33,166.21,166.33,6503,LH
2020-05-08 14:35:00,166.43,166.6,166.1,166.13,5878,LH
2020-05-08 14:40:00,166.13,166.37,166.13,166.33,7289,LH
2020-05-08 14:45:00,166.38,166.55,166.38,166.46,4361,LH
2020-05-08 14:50:00,166.48,166.48,166.28,166.33,6756,LH
2020-05-08 14:55:00,166.41,166.59,166.41,166.51,6689,LH
2020-05-08 15:00:00,166.57,166.66,166.45,166.54,6124,LH
2020-05-08 15:05:00,166.57,166.57,166.39,166.53,6036,LH
2020-05-08 15:10:00,166.48,166.64,166.24,166.51,10114,LH
2020-05-08 15:15:00,166.56,166.64,166.39,166.64,10640,LH
2020-05-08 15:20:00,166.61,166.77,166.52,166.65,15027,LH
2020-05-08 15:25:00,166.62,166.71,166.54,166.68,12791,LH
2020-05-08 15:30:00,166.69,166.82,166.53,166.81,15380,LH
2020-05-08 15:35:00,166.72,166.85,166.72,166.79,9569,LH
2020-05-08 15:40:00,166.82,167.21,166.78,166.8,16206,LH
2020-05-08 15:45:00,166.84,167.03,166.73,166.94,16300,LH
2020-05-08 15:50:00,166.93,167.15,166.79,167.15,27526,LH
2020-05-08 15:55:00,167.1,167.42,166.98,167.36,66483,LH
2020-05-08 16:00:00,167.26,167.26,167.26,167.26,38496,LH
2020-05-08 16:15:00,167.26,167.26,167.26,167.26,0,LH
2020-05-08 16:25:00,165.45,167.36,165.45,167.36,0,LH
2020-05-08 16:35:00,167.36,167.36,167.36,167.36,0,LH
2020-05-08 16:45:00,167.41,167.41,167.41,167.41,0,LH
2020-05-08 19:00:00,167.4,167.4,167.4,167.4,0,LH
2020-05-08 19:55:00,168.25,168.25,168.25,168.25,0,LH
2020-05-11 07:35:00,168.0,168.0,168.0,168.0,0,LH
2020-05-11 08:25:00,167.0,167.0,167.0,167.0,0,LH
2020-05-11 08:55:00,166.5,167.0,166.5,167.0,0,LH
2020-05-11 09:00:00,165.95,165.95,165.95,165.95,0,LH
2020-05-11 09:15:00,167.0,167.0,167.0,167.0,0,LH
2020-05-11 09:30:00,165.0,165.38,163.62,164.05,19004,LH
2020-05-11 09:35:00,163.76,165.19,163.43,164.87,17223,LH
2020-05-11 09:40:00,164.7,166.09,164.7,166.09,11435,LH
2020-05-11 09:45:00,166.31,166.54,165.43,165.43,19510,LH
2020-05-11 09:50:00,165.48,166.0,164.47,164.48,20361,LH
2020-05-11 09:55:00,164.52,164.96,164.12,164.67,7587,LH
2020-05-11 10:00:00,164.87,165.01,164.05,164.07,20077,LH
2020-05-11 10:05:00,164.34,164.34,163.74,163.94,14475,LH
2020-05-11 10:10:00,164.01,164.35,163.79,163.99,9990,LH
2020-05-11 10:15:00,163.95,164.56,163.73,164.42,19038,LH
2020-05-11 10:20:00,164.5,164.99,164.42,164.84,9592,LH
2020-05-11 10:25:00,164.82,164.93,164.44,164.57,17977,LH
2020-05-11 10:30:00,164.48,165.32,164.15,165.08,21615,LH
2020-05-11 10:35:00,165.07,165.4,164.8,165.19,25110,LH
2020-05-11 10:40:00,165.18,165.55,165.04,165.41,13941,LH
2020-05-11 10:45:00,165.45,166.21,165.33,166.21,14848,LH
2020-05-11 10:50:00,166.16,166.3,165.88,165.88,7502,LH
2020-05-11 10:55:00,165.38,165.86,165.38,165.79,12956,LH
2020-05-11 11:00:00,165.8,166.23,165.76,165.82,7092,LH
2020-05-11 11:05:00,165.73,165.73,165.32,165.38,4096,LH
2020-05-11 11:10:00,165.39,165.52,165.13,165.37,4902,LH
2020-05-11 11:15:00,165.37,165.7,165.26,165.5,3130,LH
2020-05-11 11:20:00,165.5,165.74,165.4,165.63,4180,LH
2020-05-11 11:25:00,165.58,166.28,165.5,166.09,6805,LH
2020-05-11 11:30:00,166.03,166.27,166.03,166.27,5040,LH
2020-05-11 11:35:00,166.36,166.76,166.3,166.7,6724,LH
2020-05-11 11:40:00,166.62,166.71,166.22,166.32,6980,LH
2020-05-11 11:45:00,166.34,166.67,166.24,166.37,4660,LH
2020-05-11 11:50:00,166.43,166.43,166.01,166.23,5601,LH
2020-05-11 11:55:00,166.28,166.3,165.85,165.95,7409,LH
2020-05-11 12:00:00,166.04,166.33,166.0,166.28,5264,LH
2020-05-11 12:05:00,166.24,166.52,166.15,166.49,5562,LH
2020-05-11 12:10:00,166.61,166.93,166.51,166.93,7017,LH
2020-05-11 12:15:00,166.93,167.24,166.83,167.22,7340,LH
2020-05-11 12:20:00,167.3,167.63,167.28,167.55,5366,LH
2020-05-11 12:25:00,167.62,167.85,167.62,167.8,11866,LH
2020-05-11 12:30:00,167.75,167.96,167.7,167.9,5332,LH
2020-05-11 12:35:00,167.95,168.32,167.92,168.07,9405,LH
2020-05-11 12:40:00,168.11,168.21,167.71,168.02,11771,LH
2020-05-11 12:45:00,167.95,168.07,167.48,167.48,8476,LH
2020-05-11 12:50:00,167.48,167.83,167.25,167.74,9330,LH
2020-05-11 12:55:00,167.74,167.87,167.66,167.85,5609,LH
2020-05-11 13:00:00,167.84,168.25,167.71,168.14,6749,LH
2020-05-11 13:05:00,168.1,168.75,168.1,168.75,9314,LH
2020-05-11 13:10:00,168.74,168.79,168.58,168.77,6763,LH
2020-05-11 13:15:00,168.74,168.86,168.57,168.74,8162,LH
2020-05-11 13:20:00,168.64,168.77,168.39,168.57,5251,LH
2020-05-11 13:25:00,168.55,168.9,168.53,168.8,8334,LH
2020-05-11 13:30:00,168.82,168.82,168.48,168.53,5897,LH
2020-05-11 13:35:00,168.49,168.97,168.43,168.87,11317,LH
2020-05-11 13:40:00,168.76,168.92,168.57,168.66,7946,LH
2020-05-11 13:45:00,168.66,168.75,168.5,168.65,5538,LH
2020-05-11 13:50:00,168.49,168.78,168.49,168.6,6919,LH
2020-05-11 13:55:00,168.65,168.65,168.25,168.25,5672,LH
2020-05-11 14:00:00,168.25,168.43,168.17,168.23,7289,LH
2020-05-11 14:05:00,168.09,168.27,167.96,168.27,4138,LH
2020-05-11 14:10:00,168.23,168.37,168.03,168.23,6243,LH
2020-05-11 14:15:00,168.16,168.34,168.16,168.19,3880,LH
2020-05-11 14:20:00,168.25,168.25,167.94,167.98,5102,LH
2020-05-11 14:25:00,168.03,168.07,167.8,167.92,5435,LH
2020-05-11 14:30:00,168.06,168.33,167.97,168.33,8487,LH
2020-05-11 14:35:00,168.24,168.54,168.24,168.51,4545,LH
2020-05-11 14:40:00,168.42,168.52,168.29,168.52,5924,LH
2020-05-11 14:45:00,168.59,168.62,168.41,168.58,4225,LH
2020-05-11 14:50:00,168.55,168.61,168.36,168.49,6430,LH
2020-05-11 14:55:00,168.4,168.4,168.06,168.14,4490,LH
2020-05-11 15:00:00,168.17,168.4,168.17,168.24,6770,LH
2020-05-11 15:05:00,168.13,168.76,168.01,168.76,15835,LH
2020-05-11 15:10:00,168.68,168.68,168.49,168.61,6629,LH
2020-05-11 15:15:00,168.61,169.05,168.6,168.9,10665,LH
2020-05-11 15:20:00,169.02,169.12,168.89,168.99,8640,LH
2020-05-11 15:25:00,169.04,169.04,168.65,168.88,7822,LH
2020-05-11 15:30:00,168.9,168.98,168.41,168.57,12153,LH
2020-05-11 15:35:00,168.64,168.91,168.5,168.91,12282,LH
2020-05-11 15:40:00,168.81,168.98,168.64,168.87,15478,LH
2020-05-11 15:45:00,168.95,169.99,168.93,169.89,50333,LH
2020-05-11 15:50:00,169.82,169.91,169.13,169.36,35528,LH
2020-05-11 15:55:00,169.29,169.43,168.83,168.87,55457,LH
2020-05-11 16:00:00,168.87,168.87,168.87,168.87,0,LH
2020-05-11 16:15:00,168.87,168.9,168.87,168.9,0,LH
2020-05-11 17:15:00,168.87,168.87,168.87,168.87,0,LH
2020-05-11 17:35:00,168.87,168.87,168.87,168.87,0,LH
2020-05-11 19:05:00,169.25,169.25,169.25,169.25,0,LH
2020-05-11 19:10:00,170.0,172.0,170.0,172.0,0,LH
2020-05-11 19:40:00,171.21,171.21,171.21,171.21,0,LH
2020-05-12 08:20:00,174.0,174.0,174.0,174.0,0,LH
2020-05-12 08:50:00,172.71,172.71,172.71,172.71,0,LH
2020-05-12 08:55:00,172.51,172.51,172.51,172.51,0,LH
2020-05-12 09:00:00,172.0,172.0,172.0,172.0,0,LH
2020-05-12 09:05:00,172.71,172.71,172.71,172.71,0,LH
2020-05-12 09:10:00,172.34,172.34,172.34,172.34,0,LH
2020-05-12 09:20:00,172.34,172.34,172.0,172.0,0,LH
2020-05-12 09:30:00,171.03,172.43,171.0,171.5,33526,LH
2020-05-12 09:35:00,171.72,171.74,170.17,170.53,19328,LH
2020-05-12 09:40:00,170.55,170.58,169.8,169.8,8925,LH
2020-05-12 09:45:00,169.8,169.82,168.72,168.72,13560,LH
2020-05-12 09:50:00,168.71,169.14,168.71,169.05,15404,LH
2020-05-12 09:55:00,168.99,169.43,168.89,169.36,15473,LH
2020-05-12 10:00:00,169.36,170.0,169.01,169.98,22574,LH
2020-05-12 10:05:00,169.8,169.83,169.21,169.62,14368,LH
2020-05-12 10:10:00,169.6,169.71,169.26,169.71,18142,LH
2020-05-12 10:15:00,169.62,170.27,169.62,170.24,17892,LH
2020-05-12 10:20:00,170.14,170.27,169.75,169.95,16658,LH
2020-05-12 10:25:00,169.95,170.24,169.56,169.93,21890,LH
2020-05-12 10:30:00,169.93,170.56,169.81,170.21,24077,LH
2020-05-12 10:35:00,170.44,170.93,170.44,170.49,15991,LH
2020-05-12 10:40:00,170.36,171.39,170.32,171.02,27610,LH
2020-05-12 10:45:00,171.1,171.45,170.63,170.63,18944,LH
2020-05-12 10:50:00,170.67,170.77,170.11,170.16,20808,LH
2020-05-12 10:55:00,170.12,170.32,169.94,170.12,10497,LH
2020-05-12 11:00:00,169.82,169.9,169.34,169.41,22193,LH
2020-05-12 11:05:00,169.49,169.88,169.11,169.74,16005,LH
2020-05-12 11:10:00,169.77,170.06,169.48,170.03,10410,LH
2020-05-12 11:15:00,170.12,170.14,169.8,170.06,5005,LH
2020-05-12 11:20:00,170.17,170.26,169.8,169.89,15856,LH
2020-05-12 11:25:00,169.9,170.09,169.8,169.82,5804,LH
2020-05-12 11:30:00,169.9,170.04,169.58,169.58,4102,LH
2020-05-12 11:35:00,169.65,169.8,169.47,169.53,4491,LH
2020-05-12 11:40:00,169.52,169.56,169.34,169.36,3871,LH
2020-05-12 11:45:00,169.36,169.36,168.76,168.85,6153,LH
2020-05-12 11:50:00,168.85,169.17,168.82,169.09,4990,LH
2020-05-12 11:55:00,169.12,169.25,168.94,169.16,5315,LH
2020-05-12 12:00:00,169.12,169.37,169.12,169.36,4529,LH
2020-05-12 12:05:00,169.36,169.36,168.9,168.96,9795,LH
2020-05-12 12:10:00,168.9,168.9,168.29,168.58,7274,LH
2020-05-12 12:15:00,168.54,168.55,168.42,168.46,3695,LH
2020-05-12 12:20:00,168.39,169.11,168.34,168.72,20437,LH
2020-05-12 12:25:00,168.66,168.86,168.6,168.79,11072,LH
2020-05-12 12:30:00,168.9,169.08,168.81,169.08,4742,LH
2020-05-12 12:35:00,169.15,169.23,168.79,168.84,12374,LH
2020-05-12 12:40:00,168.79,168.86,168.57,168.65,3537,LH
2020-05-12 12:45:00,168.66,168.71,168.56,168.63,3093,LH
2020-05-12 12:50:00,168.57,168.58,168.47,168.47,0,LH
2020-05-12 12:55:00,168.56,168.65,168.46,168.51,258476,LH
2020-05-12 13:00:00,168.52,168.55,168.17,168.21,0,LH
2020-05-12 13:05:00,168.31,168.31,167.39,167.57,27006,LH
2020-05-12 13:10:00,167.6,167.66,166.8,166.93,33407,LH
2020-05-12 13:15:00,166.99,167.07,166.57,166.79,9685,LH
2020-05-12 13:20:00,166.71,166.85,166.36,166.38,17540,LH
2020-05-12 13:25:00,166.38,166.5,166.17,166.21,7357,LH
2020-05-12 13:30:00,166.11,166.14,165.87,166.03,11924,LH
2020-05-12 13:35:00,166.03,166.34,166.0,166.0,11330,LH
2020-05-12 13:40:00,165.93,166.26,165.93,166.16,7525,LH
2020-05-12 13:45:00,166.1,166.1,165.7,165.76,68926,LH
2020-05-12 13:50:00,165.72,166.0,165.5,165.91,13877,LH
2020-05-12 13:55:00,165.92,166.84,165.91,166.62,22323,LH
2020-05-12 14:00:00,166.79,166.79,166.08,166.26,4879,LH
2020-05-12 14:05:00,166.38,166.38,165.57,165.58,45307,LH
2020-05-12 14:10:00,165.6,165.6,164.82,165.02,8658,LH
2020-05-12 14:15:00,165.01,165.22,164.71,164.85,10233,LH
2020-05-12 14:20:00,164.85,165.08,164.7,164.75,7946,LH
2020-05-12 14:25:00,164.6,164.8,164.34,164.6,9049,LH
2020-05-12 14:30:00,164.59,164.8,164.3,164.8,11719,LH
2020-05-12 14:35:00,164.77,165.15,164.75,165.11,6093,LH
2020-05-12 14:40:00,165.05,165.3,164.74,164.97,8593,LH
2020-05-12 14:45:00,164.91,165.0,164.61,164.68,9885,LH
2020-05-12 14:50:00,164.67,164.95,164.54,164.95,6301,LH
2020-05-12 14:55:00,164.84,164.93,164.65,164.93,8474,LH
2020-05-12 15:00:00,165.0,165.21,164.51,164.85,60256,LH
2020-05-12 15:05:00,164.89,165.22,164.89,165.07,7282,LH
2020-05-12 15:10:00,165.01,165.06,164.65,164.81,10722,LH
2020-05-12 15:15:00,164.81,164.87,164.38,164.42,10716,LH
2020-05-12 15:20:00,164.31,164.45,163.76,163.78,16897,LH
2020-05-12 15:25:00,163.72,164.01,163.58,163.88,14048,LH
2020-05-12 15:30:00,163.89,164.35,163.89,164.33,19966,LH
2020-05-12 15:35:00,164.28,164.32,163.92,164.29,19244,LH
2020-05-12 15:40:00,164.21,164.23,163.67,163.68,21464,LH
2020-05-12 15:45:00,163.51,163.83,163.36,163.5,22440,LH
2020-05-12 15:50:00,163.44,163.94,163.32,163.9,28665,LH
2020-05-12 15:55:00,163.87,164.07,163.33,163.44,60694,LH
2020-05-12 16:00:00,163.33,163.33,163.33,163.33,0,LH
2020-05-12 16:15:00,163.33,165.87,163.33,165.37,0,LH
2020-05-12 16:55:00,163.0,163.0,163.0,163.0,0,LH
2020-05-12 17:20:00,163.66,163.66,163.66,163.66,0,LH
2020-05-12 17:45:00,163.66,163.66,163.66,163.66,0,LH
2020-05-12 19:25:00,162.5,162.5,162.5,162.5,0,LH
2020-05-13 07:45:00,165.0,165.0,165.0,165.0,0,LH
2020-05-13 08:00:00,166.0,166.0,165.88,166.0,0,LH
2020-05-13 08:05:00,167.0,171.7,167.0,171.7,0,LH
2020-05-13 08:10:00,171.0,175.0,171.0,172.0,0,LH
2020-05-13 08:15:00,165.55,175.0,165.55,170.2,0,LH
2020-05-13 08:20:00,170.2,170.2,169.68,169.93,0,LH
2020-05-13 08:25:00,169.85,169.95,169.5,169.95,0,LH
2020-05-13 08:30:00,169.95,170.0,169.95,170.0,0,LH
2020-05-13 08:35:00,170.0,170.0,170.0,170.0,0,LH
2020-05-13 08:40:00,170.0,171.0,170.0,171.0,0,LH
2020-05-13 08:45:00,170.0,170.0,169.5,170.0,0,LH
2020-05-13 08:50:00,169.14,169.14,169.14,169.14,0,LH
2020-05-13 08:55:00,169.0,169.0,169.0,169.0,0,LH
2020-05-13 09:05:00,169.6,169.6,169.6,169.6,0,LH
2020-05-13 09:10:00,169.25,169.29,168.8,169.25,0,LH
2020-05-13 09:15:00,168.6,168.6,168.17,168.17,0,LH
2020-05-13 09:20:00,168.0,168.0,165.0,165.0,0,LH
2020-05-13 09:25:00,167.0,167.0,167.0,167.0,0,LH
2020-05-13 09:30:00,166.75,167.16,164.05,164.43,133937,LH
2020-05-13 09:35:00,164.4,164.4,162.06,162.8,56018,LH
2020-05-13 09:40:00,162.71,163.29,162.17,163.02,62995,LH
2020-05-13 09:45:00,162.91,164.12,162.88,162.9,65539,LH
2020-05-13 09:50:00,163.05,163.46,162.71,163.29,22046,LH
2020-05-13 09:55:00,163.29,163.42,162.84,162.88,9582,LH
2020-05-13 10:00:00,162.83,163.6,162.75,163.03,24574,LH
2020-05-13 10:05:00,163.12,164.01,163.01,163.08,41118,LH
2020-05-13 10:10:00,163.22,163.46,163.01,163.02,11879,LH
2020-05-13 10:15:00,163.1,163.26,162.72,163.07,14027,LH
2020-05-13 10:20:00,163.06,163.27,162.74,162.86,12334,LH
2020-05-13 10:25:00,162.92,163.55,162.71,163.19,12630,LH
2020-05-13 10:30:00,163.41,164.82,163.41,164.22,21510,LH
2020-05-13 10:35:00,164.13,164.33,163.25,163.4,25558,LH
2020-05-13 10:40:00,163.58,163.77,163.38,163.5,35061,LH
2020-05-13 10:45:00,163.56,163.72,163.5,163.57,11150,LH
2020-05-13 10:50:00,163.54,163.62,163.28,163.45,9956,LH
2020-05-13 10:55:00,163.47,163.67,163.0,163.26,9901,LH
2020-05-13 11:00:00,163.23,163.64,163.0,163.63,4901,LH
2020-05-13 11:05:00,163.47,163.64,163.23,163.47,4095,LH
2020-05-13 11:10:00,163.61,164.3,163.55,163.71,14762,LH
2020-05-13 11:15:00,163.79,164.05,162.84,162.84,8692,LH
2020-05-13 11:20:00,162.99,163.25,162.99,163.25,3774,LH
2020-05-13 11:25:00,162.97,163.02,162.2,162.5,13045,LH
2020-05-13 11:30:00,162.35,162.68,162.01,162.05,6939,LH
2020-05-13 11:35:00,161.79,161.86,161.21,161.58,13985,LH
2020-05-13 11:40:00,161.49,161.68,160.73,160.83,6758,LH
2020-05-13 11:45:00,160.9,160.96,160.42,160.42,8751,LH
2020-05-13 11:50:00,160.48,160.63,160.21,160.32,8968,LH
2020-05-13 11:55:00,160.4,160.49,160.12,160.49,0,LH
2020-05-13 12:00:00,160.54,160.66,159.81,159.86,311978,LH
2020-05-13 12:05:00,159.89,160.07,159.26,159.26,7609,LH
2020-05-13 12:10:00,159.35,159.48,158.98,159.22,14049,LH
2020-05-13 12:15:00,159.04,159.3,158.29,158.33,11994,LH
2020-05-13 12:20:00,158.47,159.17,158.44,158.74,9688,LH
2020-05-13 12:25:00,158.71,159.29,158.66,159.27,6474,LH
2020-05-13 12:30:00,159.48,159.99,159.18,159.68,8328,LH
2020-05-13 12:35:00,159.4,159.59,159.18,159.46,5337,LH
2020-05-13 12:40:00,159.35,159.44,159.06,159.14,9380,LH
2020-05-13 12:45:00,159.1,159.39,159.0,159.39,9292,LH
2020-05-13 12:50:00,159.32,159.36,158.67,158.92,11169,LH
2020-05-13 12:55:00,158.97,159.13,158.69,158.85,12344,LH
2020-05-13 13:00:00,158.85,158.96,158.23,158.29,9705,LH
2020-05-13 13:05:00,158.3,158.3,158.01,158.23,8079,LH
2020-05-13 13:10:00,158.33,159.06,158.33,158.72,5440,LH
2020-05-13 13:15:00,158.73,159.26,158.54,159.25,6237,LH
2020-05-13 13:20:00,159.18,159.19,158.61,158.68,7860,LH
2020-05-13 13:25:00,158.78,159.24,158.57,159.02,5261,LH
2020-05-13 13:30:00,159.09,159.09,158.63,158.76,2744,LH
2020-05-13 13:35:00,158.68,158.89,158.5,158.65,19541,LH
2020-05-13 13:40:00,158.62,158.79,158.16,158.36,9878,LH
2020-05-13 13:45:00,158.35,158.5,158.25,158.42,4246,LH
2020-05-13 13:50:00,158.37,158.49,157.94,158.0,11259,LH
2020-05-13 13:55:00,158.0,158.0,157.61,157.66,7461,LH
2020-05-13 14:00:00,157.61,157.62,157.07,157.14,16041,LH
2020-05-13 14:05:00,157.27,157.79,157.27,157.75,2944,LH
2020-05-13 14:10:00,157.72,158.08,157.62,157.74,4313,LH
2020-05-13 14:15:00,157.67,158.31,157.67,157.95,6072,LH
2020-05-13 14:20:00,157.82,158.07,157.66,157.72,7138,LH
2020-05-13 14:25:00,157.72,157.85,157.4,157.4,6473,LH
2020-05-13 14:30:00,157.48,157.6,157.4,157.52,4067,LH
2020-05-13 14:35:00,157.5,157.88,157.36,157.51,5028,LH
2020-05-13 14:40:00,157.59,157.69,157.5,157.58,4877,LH
2020-05-13 14:45:00,157.64,158.14,157.64,157.88,10499,LH
2020-05-13 14:50:00,157.93,157.98,157.7,157.89,2762,LH
2020-05-13 14:55:00,157.81,157.9,157.55,157.56,4043,LH
2020-05-13 15:00:00,157.66,158.28,157.6,158.28,7652,LH
2020-05-13 15:05:00,158.28,158.28,157.7,157.81,8467,LH
2020-05-13 15:10:00,157.82,158.08,157.6,157.65,7331,LH
2020-05-13 15:15:00,157.6,157.66,157.27,157.35,13915,LH
2020-05-13 15:20:00,157.41,157.49,156.82,156.83,16531,LH
2020-05-13 15:25:00,156.83,157.04,156.43,157.04,21772,LH
2020-05-13 15:30:00,156.99,157.62,156.78,157.5,16517,LH
2020-05-13 15:35:00,157.46,157.76,157.42,157.73,28677,LH
2020-05-13 15:40:00,157.73,158.04,157.63,157.73,26490,LH
2020-05-13 15:45:00,157.72,158.44,157.46,158.44,24459,LH
2020-05-13 15:50:00,158.39,159.35,158.34,158.8,46905,LH
2020-05-13 15:55:00,158.86,159.48,158.69,158.86,89893,LH
2020-05-13 16:00:00,158.69,158.69,158.69,158.69,0,LH
2020-05-13 16:15:00,158.69,158.69,158.69,158.69,0,LH
2020-05-13 16:30:00,158.69,158.69,158.69,158.69,0,LH
2020-05-13 16:40:00,158.69,158.69,158.69,158.69,0,LH
2020-05-13 18:15:00,159.0,159.0,158.9,158.9,0,LH
2020-05-14 08:00:00,158.63,158.63,158.63,158.63,0,LH
2020-05-14 08:15:00,158.75,158.75,155.3,155.3,0,LH
2020-05-14 08:25:00,158.48,158.48,158.48,158.48,0,LH
2020-05-14 08:50:00,154.8,154.8,154.8,154.8,0,LH
2020-05-14 09:05:00,155.5,155.5,155.5,155.5,0,LH
2020-05-14 09:15:00,156.19,156.19,156.19,156.19,0,LH
2020-05-14 09:30:00,156.04,156.97,155.19,155.93,8777,LH
2020-05-14 09:35:00,155.9,156.39,155.27,156.06,36697,LH
2020-05-14 09:40:00,156.23,156.33,155.69,156.1,10889,LH
2020-05-14 09:45:00,156.05,157.34,156.05,156.9,26089,LH
2020-05-14 09:50:00,156.87,157.04,156.18,156.51,16161,LH
2020-05-14 09:55:00,156.64,157.16,156.26,156.26,22089,LH
2020-05-14 10:00:00,156.4,156.4,155.61,155.62,7348,LH
2020-05-14 10:05:00,155.89,156.7,155.81,156.6,9543,LH
2020-05-14 10:10:00,156.7,156.9,156.61,156.8,12586,LH
2020-05-14 10:15:00,156.8,156.92,156.4,156.74,13102,LH
2020-05-14 10:20:00,156.73,156.91,156.68,156.79,6902,LH
2020-05-14 10:25:00,157.01,157.73,157.01,157.21,7721,LH
2020-05-14 10:30:00,157.12,157.3,156.86,157.18,15352,LH
2020-05-14 10:35:00,157.28,158.0,157.08,157.85,14808,LH
2020-05-14 10:40:00,157.77,158.12,157.02,157.07,11682,LH
2020-05-14 10:45:00,157.07,157.68,156.85,157.68,19733,LH
2020-05-14 10:50:00,157.68,159.94,157.61,159.76,34740,LH
2020-05-14 10:55:00,159.87,160.01,159.16,160.01,13649,LH
2020-05-14 11:00:00,160.04,161.49,159.79,161.47,51671,LH
2020-05-14 11:05:00,161.46,161.69,160.74,160.74,21974,LH
2020-05-14 11:10:00,160.82,161.17,160.3,160.51,23891,LH
2020-05-14 11:15:00,161.05,161.66,161.05,161.3,18341,LH
2020-05-14 11:20:00,161.4,161.57,160.48,160.48,12729,LH
2020-05-14 11:25:00,160.49,160.63,159.49,159.81,14804,LH
2020-05-14 11:30:00,159.82,159.93,159.25,159.6,14821,LH
2020-05-14 11:35:00,159.39,159.95,158.95,158.95,7641,LH
2020-05-14 11:40:00,158.64,158.76,158.41,158.6,11064,LH
2020-05-14 11:45:00,158.55,158.96,158.43,158.79,11238,LH
2020-05-14 11:50:00,158.72,159.15,158.56,158.93,26650,LH
2020-05-14 11:55:00,158.87,159.0,158.57,159.0,12188,LH
2020-05-14 12:00:00,159.0,159.02,158.3,158.59,7341,LH
2020-05-14 12:05:00,158.33,158.92,158.33,158.92,5740,LH
2020-05-14 12:10:00,159.05,159.19,158.94,158.95,5033,LH
2020-05-14 12:15:00,159.1,159.52,159.1,159.43,4521,LH
2020-05-14 12:20:00,159.29,160.38,159.1,160.25,8867,LH
2020-05-14 12:25:00,160.2,160.2,159.65,159.86,6714,LH
2020-05-14 12:30:00,160.04,160.45,159.98,160.38,6519,LH
2020-05-14 12:35:00,160.3,160.74,160.25,160.39,8000,LH
2020-05-14 12:40:00,160.54,160.54,159.91,160.36,0,LH
2020-05-14 12:45:00,160.48,160.63,160.35,160.44,2449,LH
2020-05-14 12:50:00,160.46,161.17,160.46,161.17,256500,LH
2020-05-14 12:55:00,161.22,161.57,161.17,161.36,3655,LH
2020-05-14 13:00:00,161.09,161.18,160.95,161.0,4295,LH
2020-05-14 13:05:00,160.88,160.9,160.53,160.67,0,LH
2020-05-14 13:10:00,160.85,160.96,160.56,160.56,259957,LH
2020-05-14 13:15:00,160.7,160.88,160.54,160.88,4798,LH
2020-05-14 13:20:00,161.07,161.35,160.94,161.2,7111,LH
2020-05-14 13:25:00,161.25,161.78,161.17,161.78,8441,LH
2020-05-14 13:30:00,161.77,162.24,161.77,161.87,0,LH
2020-05-14 13:35:00,161.74,161.79,161.21,161.33,16481,LH
2020-05-14 13:40:00,161.47,161.48,160.91,160.96,0,LH
2020-05-14 13:45:00,161.06,161.25,160.91,161.11,13029,LH
2020-05-14 13:50:00,161.0,161.23,160.9,161.1,0,LH
2020-05-14 13:55:00,161.26,161.4,160.62,160.74,11873,LH
2020-05-14 14:00:00,160.64,160.74,160.3,160.48,285600,LH
2020-05-14 14:05:00,160.41,161.05,160.28,160.67,4220,LH
2020-05-14 14:10:00,160.64,160.75,160.53,160.7,4999,LH
2020-05-14 14:15:00,160.98,160.98,160.65,160.76,0,LH
2020-05-14 14:20:00,160.96,161.35,160.82,161.29,301466,LH
2020-05-14 14:25:00,161.38,161.55,161.28,161.5,7264,LH
2020-05-14 14:30:00,161.55,161.79,161.3,161.3,13583,LH
2020-05-14 14:35:00,161.33,161.39,160.64,160.66,44290,LH
2020-05-14 14:40:00,160.79,160.95,160.48,160.95,7652,LH
2020-05-14 14:45:00,160.95,161.56,160.79,161.34,8472,LH
2020-05-14 14:50:00,161.23,162.16,161.1,162.05,12492,LH
2020-05-14 14:55:00,162.18,162.62,161.9,162.45,23710,LH
2020-05-14 15:00:00,162.46,162.7,162.25,162.57,11192,LH
2020-05-14 15:05:00,162.57,162.8,162.33,162.71,9436,LH
2020-05-14 15:10:00,162.65,163.0,162.46,162.77,11182,LH
2020-05-14 15:15:00,162.78,163.19,162.78,163.07,13930,LH
2020-05-14 15:20:00,162.98,163.65,162.88,163.65,16969,LH
2020-05-14 15:25:00,163.7,163.8,163.43,163.65,17255,LH
2020-05-14 15:30:00,163.73,163.78,163.34,163.47,15472,LH
2020-05-14 15:35:00,163.4,163.47,163.01,163.16,14963,LH
2020-05-14 15:40:00,163.02,163.34,162.82,163.34,19754,LH
2020-05-14 15:45:00,163.46,163.77,163.37,163.76,20134,LH
2020-05-14 15:50:00,163.77,164.0,163.6,163.92,26136,LH
2020-05-14 15:55:00,163.88,163.97,163.55,163.82,62231,LH
2020-05-14 16:00:00,163.75,163.75,163.75,163.75,0,LH
2020-05-14 16:15:00,163.75,163.75,163.75,163.75,0,LH
2020-05-14 16:50:00,164.0,164.0,164.0,164.0,0,LH
2020-05-14 17:00:00,164.8,164.8,164.8,164.8,0,LH
2020-05-14 18:50:00,164.78,164.78,164.78,164.78,0,LH
2020-05-14 19:45:00,164.78,164.78,164.78,164.78,0,LH
2020-05-15 07:15:00,165.45,165.45,165.45,165.45,0,LH
2020-05-15 07:25:00,165.26,165.26,165.26,165.26,0,LH
2020-05-15 07:30:00,165.9,165.9,165.9,165.9,0,LH
2020-05-15 08:15:00,165.26,166.0,163.5,165.9,0,LH
2020-05-15 08:45:00,165.4,165.4,164.0,164.0,0,LH
2020-05-15 09:05:00,166.0,166.0,166.0,166.0,0,LH
2020-05-15 09:10:00,167.0,167.0,167.0,167.0,0,LH
2020-05-15 09:30:00,164.75,165.26,163.79,164.77,38249,LH
2020-05-15 09:35:00,164.34,164.76,163.09,164.76,19650,LH
2020-05-15 09:40:00,164.89,164.89,163.11,164.23,29429,LH
2020-05-15 09:45:00,164.12,165.32,163.93,165.25,11780,LH
2020-05-15 09:50:00,165.15,166.99,165.15,166.32,34020,LH
2020-05-15 09:55:00,166.2,166.82,166.01,166.49,11791,LH
2020-05-15 10:00:00,166.27,166.74,165.9,166.09,8725,LH
2020-05-15 10:05:00,166.06,166.61,165.88,166.5,10766,LH
2020-05-15 10:10:00,166.55,167.13,166.49,166.87,7613,LH
2020-05-15 10:15:00,167.05,167.74,167.05,167.07,24038,LH
2020-05-15 10:20:00,166.97,167.18,166.75,166.9,13330,LH
2020-05-15 10:25:00,166.93,167.58,166.56,167.35,18450,LH
2020-05-15 10:30:00,167.35,167.43,167.05,167.12,6430,LH
2020-05-15 10:35:00,167.06,167.64,166.62,166.85,16330,LH
2020-05-15 10:40:00,166.94,167.06,166.44,167.05,11182,LH
2020-05-15 10:45:00,166.95,167.38,166.77,167.38,9087,LH
2020-05-15 10:50:00,167.08,167.15,166.56,166.89,8114,LH
2020-05-15 10:55:00,166.81,166.87,166.58,166.75,6297,LH
2020-05-15 11:00:00,166.67,166.67,165.84,166.38,16263,LH
2020-05-15 11:05:00,166.55,166.9,166.47,166.9,9815,LH
2020-05-15 11:10:00,166.79,166.79,166.44,166.72,7365,LH
2020-05-15 11:15:00,166.72,166.9,166.61,166.89,4202,LH
2020-05-15 11:20:00,166.73,167.56,166.73,167.56,7543,LH
2020-05-15 11:25:00,167.52,168.11,167.43,167.47,33107,LH
2020-05-15 11:30:00,167.51,168.14,167.45,167.98,19587,LH
2020-05-15 11:35:00,167.82,167.86,167.46,167.67,4984,LH
2020-05-15 11:40:00,167.41,167.43,167.13,167.4,4892,LH
2020-05-15 11:45:00,167.08,167.64,167.08,167.33,7256,LH
2020-05-15 11:50:00,167.38,167.54,166.73,166.93,12014,LH
2020-05-15 11:55:00,167.09,167.73,167.09,167.59,5121,LH
2020-05-15 12:00:00,167.66,167.69,167.29,167.51,10172,LH
2020-05-15 12:05:00,167.51,167.51,166.79,166.79,8040,LH
2020-05-15 12:10:00,166.93,166.93,166.87,166.88,2376,LH
2020-05-15 12:15:00,166.81,166.84,166.39,166.53,4345,LH
2020-05-15 12:20:00,166.65,167.0,166.65,166.94,4283,LH
2020-05-15 12:25:00,166.83,166.84,166.59,166.71,2753,LH
2020-05-15 12:30:00,166.64,166.68,166.57,166.68,2787,LH
2020-05-15 12:35:00,166.71,166.86,166.58,166.86,4636,LH
2020-05-15 12:40:00,166.91,167.29,166.76,166.91,17162,LH
2020-05-15 12:45:00,166.84,166.84,166.49,166.61,2748,LH
2020-05-15 12:50:00,166.6,166.83,166.6,166.79,5586,LH
2020-05-15 12:55:00,166.74,166.8,166.3,166.65,4481,LH
2020-05-15 13:00:00,166.85,167.25,166.85,167.19,2296,LH
2020-05-15 13:05:00,167.16,167.24,167.03,167.13,3044,LH
2020-05-15 13:10:00,167.24,167.78,167.24,167.78,2792,LH
2020-05-15 13:15:00,167.77,167.82,167.49,167.49,3240,LH
2020-05-15 13:20:00,167.42,167.64,167.33,167.45,3052,LH
2020-05-15 13:25:00,167.64,167.68,167.49,167.55,9821,LH
2020-05-15 13:30:00,167.54,167.68,167.41,167.59,8659,LH
2020-05-15 13:35:00,167.49,167.68,167.42,167.42,7540,LH
2020-05-15 13:40:00,167.55,167.64,167.55,167.62,3899,LH
2020-05-15 13:45:00,167.61,167.68,167.26,167.35,7253,LH
2020-05-15 13:50:00,167.29,167.84,167.29,167.64,4786,LH
2020-05-15 13:55:00,167.8,167.99,167.76,167.84,4692,LH
2020-05-15 14:00:00,167.9,168.52,167.9,168.52,10336,LH
2020-05-15 14:05:00,168.51,168.51,168.21,168.21,6664,LH
2020-05-15 14:10:00,168.29,168.39,168.25,168.33,4028,LH
2020-05-15 14:15:00,168.39,168.39,168.23,168.34,4709,LH
2020-05-15 14:20:00,168.43,168.5,168.24,168.4,5338,LH
2020-05-15 14:25:00,168.31,168.47,168.21,168.36,4598,LH
2020-05-15 14:30:00,168.36,168.38,167.95,167.95,4109,LH
2020-05-15 14:35:00,167.99,167.99,167.47,167.61,5398,LH
2020-05-15 14:40:00,167.64,167.64,167.31,167.32,3827,LH
2020-05-15 14:45:00,167.32,167.57,167.18,167.35,5637,LH
2020-05-15 14:50:00,167.41,167.61,167.41,167.59,2926,LH
2020-05-15 14:55:00,167.6,167.6,167.17,167.22,6126,LH
2020-05-15 15:00:00,167.3,167.78,167.19,167.67,4802,LH
2020-05-15 15:05:00,167.72,167.91,167.59,167.75,4581,LH
2020-05-15 15:10:00,167.75,167.92,167.6,167.82,9118,LH
2020-05-15 15:15:00,167.77,167.94,167.69,167.93,16294,LH
2020-05-15 15:20:00,167.9,168.45,167.86,168.22,18265,LH
2020-05-15 15:25:00,168.22,168.5,168.18,168.32,13688,LH
2020-05-15 15:30:00,168.32,168.74,168.32,168.58,16329,LH
2020-05-15 15:35:00,168.57,168.66,167.81,167.86,8296,LH
2020-05-15 15:40:00,167.86,167.86,167.34,167.55,8481,LH
2020-05-15 15:45:00,167.62,168.09,167.52,167.97,10544,LH
2020-05-15 15:50:00,167.97,167.97,167.63,167.74,26668,LH
2020-05-15 15:55:00,167.75,167.93,167.33,167.43,72568,LH
2020-05-15 16:00:00,167.43,167.43,167.43,167.43,0,LH
2020-05-15 16:15:00,167.43,167.43,167.43,167.43,0,LH
2020-05-15 16:55:00,167.43,167.43,167.43,167.43,0,LH
2020-05-18 07:20:00,170.0,170.0,170.0,170.0,0,LH
2020-05-18 08:15:00,169.63,169.63,169.63,169.63,0,LH
2020-05-18 09:10:00,170.79,170.79,170.5,170.5,0,LH
2020-05-18 09:25:00,168.0,168.0,168.0,168.0,0,LH
2020-05-18 09:30:00,171.68,172.75,171.51,171.97,44813,LH
2020-05-18 09:35:00,171.77,172.52,171.77,172.17,31536,LH
2020-05-18 09:40:00,172.21,172.22,171.13,171.54,21453,LH
2020-05-18 09:45:00,171.53,172.49,171.45,172.05,14952,LH
2020-05-18 09:50:00,172.13,172.26,171.07,171.17,11422,LH
2020-05-18 09:55:00,171.1,171.56,171.06,171.56,6632,LH
2020-05-18 10:00:00,171.5,171.87,171.37,171.74,28282,LH
2020-05-18 10:05:00,171.77,172.13,171.42,171.68,13970,LH
2020-05-18 10:10:00,171.71,171.84,170.64,171.17,20413,LH
2020-05-18 10:15:00,171.01,171.1,170.74,170.74,13657,LH
2020-05-18 10:20:00,170.58,170.85,170.5,170.78,7701,LH
2020-05-18 10:25:00,170.8,171.05,170.53,170.72,11745,LH
2020-05-18 10:30:00,170.82,170.82,170.53,170.6,5553,LH
2020-05-18 10:35:00,170.61,170.61,170.21,170.21,9572,LH
2020-05-18 10:40:00,170.26,170.48,170.13,170.3,9243,LH
2020-05-18 10:45:00,170.26,170.42,169.93,170.24,12806,LH
2020-05-18 10:50:00,170.24,170.51,170.15,170.4,11345,LH
2020-05-18 10:55:00,170.25,170.9,170.25,170.81,7497,LH
2020-05-18 11:00:00,170.8,170.92,170.66,170.76,11166,LH
2020-05-18 11:05:00,170.71,170.71,170.23,170.67,8116,LH
2020-05-18 11:10:00,170.65,170.7,170.43,170.46,6030,LH
2020-05-18 11:15:00,170.3,170.56,170.29,170.51,9303,LH
2020-05-18 11:20:00,170.53,170.64,170.41,170.64,6563,LH
2020-05-18 11:25:00,170.6,170.68,170.11,170.24,7623,LH
2020-05-18 11:30:00,170.25,170.44,170.14,170.24,7861,LH
2020-05-18 11:35:00,170.16,170.23,169.93,170.03,5633,LH
2020-05-18 11:40:00,170.04,170.55,170.03,170.05,6016,LH
2020-05-18 11:45:00,170.06,170.06,169.75,169.85,4208,LH
2020-05-18 11:50:00,169.74,169.96,169.64,169.74,8986,LH
2020-05-18 11:55:00,169.89,169.94,169.57,169.76,4610,LH
2020-05-18 12:00:00,169.66,169.94,169.57,169.64,4715,LH
2020-05-18 12:05:00,169.53,170.0,169.24,169.58,50468,LH
2020-05-18 12:10:00,169.64,169.95,169.58,169.87,5337,LH
2020-05-18 12:15:00,169.75,169.79,169.45,169.45,3971,LH
2020-05-18 12:20:00,169.36,169.5,169.23,169.46,7681,LH
2020-05-18 12:25:00,169.5,169.65,169.43,169.57,5354,LH
2020-05-18 12:30:00,169.67,169.91,169.56,169.84,4459,LH
2020-05-18 12:35:00,169.85,169.85,169.63,169.8,4494,LH
2020-05-18 12:40:00,169.84,169.84,169.43,169.62,7083,LH
2020-05-18 12:45:00,169.58,169.58,169.34,169.44,4606,LH
2020-05-18 12:50:00,169.41,169.55,169.38,169.38,7062,LH
2020-05-18 12:55:00,169.45,169.6,169.31,169.31,5578,LH
2020-05-18 13:00:00,169.34,169.8,169.34,169.75,6787,LH
2020-05-18 13:05:00,169.81,170.0,169.81,169.92,6371,LH
2020-05-18 13:10:00,169.96,170.0,169.78,169.91,5959,LH
2020-05-18 13:15:00,169.91,170.0,169.84,169.94,7128,LH
2020-05-18 13:20:00,169.96,170.09,169.94,170.04,12113,LH
2020-05-18 13:25:00,170.01,170.01,169.79,169.94,7714,LH
2020-05-18 13:30:00,169.91,170.11,169.9,169.98,23470,LH
2020-05-18 13:35:00,170.05,170.07,169.86,169.86,7698,LH
2020-05-18 13:40:00,169.93,169.98,169.63,169.72,8875,LH
2020-05-18 13:45:00,169.79,170.12,169.79,170.03,8587,LH
2020-05-18 13:50:00,170.06,170.17,169.86,170.0,7612,LH
2020-05-18 13:55:00,170.01,170.03,169.82,169.85,4828,LH
2020-05-18 14:00:00,169.91,170.01,169.84,170.0,5514,LH
2020-05-18 14:05:00,169.84,169.84,169.43,169.45,3068,LH
2020-05-18 14:10:00,169.43,169.43,169.11,169.2,3938,LH
2020-05-18 14:15:00,169.22,169.22,168.61,168.82,5035,LH
2020-05-18 14:20:00,168.81,168.86,168.36,168.46,12794,LH
2020-05-18 14:25:00,168.54,168.84,168.53,168.77,4546,LH
2020-05-18 14:30:00,168.71,169.03,168.71,168.93,7342,LH
2020-05-18 14:35:00,168.9,168.97,168.62,168.66,4156,LH
2020-05-18 14:40:00,168.7,168.99,168.64,168.79,16572,LH
2020-05-18 14:45:00,168.85,168.93,168.73,168.73,3316,LH
2020-05-18 14:50:00,168.69,168.7,168.14,168.34,8679,LH
2020-05-18 14:55:00,168.4,168.48,168.33,168.39,7630,LH
2020-05-18 15:00:00,168.46,168.83,168.46,168.69,5801,LH
2020-05-18 15:05:00,168.56,168.71,168.41,168.58,11990,LH
2020-05-18 15:10:00,168.6,168.7,168.46,168.7,6215,LH
2020-05-18 15:15:00,168.63,168.69,168.48,168.6,6279,LH
2020-05-18 15:20:00,168.59,168.78,168.48,168.72,8515,LH
2020-05-18 15:25:00,168.64,168.74,168.51,168.71,6337,LH
2020-05-18 15:30:00,168.67,168.82,168.66,168.66,10826,LH
2020-05-18 15:35:00,168.71,168.74,168.36,168.53,13152,LH
2020-05-18 15:40:00,168.56,168.56,168.18,168.18,17426,LH
2020-05-18 15:45:00,168.16,168.35,168.1,168.29,18363,LH
2020-05-18 15:50:00,168.36,168.51,167.83,168.0,28375,LH
2020-05-18 15:55:00,168.06,168.06,167.08,167.2,71018,LH
2020-05-18 16:00:00,167.2,167.2,167.09,167.09,0,LH
2020-05-18 16:15:00,167.09,168.83,166.5,168.61,0,LH
2020-05-18 16:25:00,167.22,167.22,167.22,167.22,0,LH
2020-05-18 16:30:00,167.22,167.22,167.22,167.22,0,LH
2020-05-18 16:40:00,167.8,167.88,167.8,167.88,0,LH
2020-05-18 17:00:00,167.09,167.09,167.09,167.09,0,LH
2020-05-18 17:15:00,167.09,167.09,167.09,167.09,0,LH
2020-05-19 08:40:00,165.99,166.0,165.99,166.0,0,LH
2020-05-19 09:30:00,166.02,166.48,165.37,165.52,20337,LH
2020-05-19 09:35:00,165.66,166.08,164.11,165.4,28571,LH
2020-05-19 09:40:00,165.52,165.52,165.21,165.35,15809,LH
2020-05-19 09:45:00,165.19,165.52,164.93,165.41,15124,LH
2020-05-19 09:50:00,165.52,166.0,165.3,165.54,6506,LH
2020-05-19 09:55:00,165.35,166.79,165.35,166.79,10229,LH
2020-05-19 10:00:00,166.5,166.68,166.23,166.52,5583,LH
2020-05-19 10:05:00,166.76,167.16,166.57,166.76,6137,LH
2020-05-19 10:10:00,166.8,166.95,166.69,166.74,4665,LH
2020-05-19 10:15:00,166.94,167.16,166.73,167.04,4207,LH
2020-05-19 10:20:00,166.94,167.25,166.9,167.11,4778,LH
2020-05-19 10:25:00,166.97,167.48,166.94,167.42,10812,LH
2020-05-19 10:30:00,167.53,167.88,167.53,167.76,6301,LH
2020-05-19 10:35:00,167.76,167.76,167.29,167.62,7900,LH
2020-05-19 10:40:00,167.51,167.74,167.13,167.47,12145,LH
2020-05-19 10:45:00,167.51,168.16,167.51,168.08,3869,LH
2020-05-19 10:50:00,168.13,168.13,168.07,168.07,3224,LH
2020-05-19 10:55:00,168.15,168.78,168.1,168.54,25879,LH
2020-05-19 11:00:00,168.53,169.0,168.33,168.46,24517,LH
2020-05-19 11:05:00,168.38,168.55,168.1,168.55,3316,LH
2020-05-19 11:10:00,168.54,168.65,168.2,168.22,5322,LH
2020-05-19 11:15:00,168.32,168.63,168.25,168.43,3942,LH
2020-05-19 11:20:00,168.33,168.7,168.32,168.56,4483,LH
2020-05-19 11:25:00,168.65,169.11,168.55,168.68,9253,LH
2020-05-19 11:30:00,168.57,168.82,168.34,168.46,3890,LH
2020-05-19 11:35:00,168.6,168.6,168.23,168.34,4282,LH
2020-05-19 11:40:00,168.42,168.65,167.83,168.02,5356,LH
2020-05-19 11:45:00,168.11,168.19,167.91,167.99,4348,LH
2020-05-19 11:50:00,167.9,168.16,167.88,168.09,5117,LH
2020-05-19 11:55:00,168.07,168.24,167.81,168.24,5030,LH
2020-05-19 12:00:00,168.19,168.29,168.02,168.12,5948,LH
2020-05-19 12:05:00,168.18,168.46,168.09,168.19,11389,LH
2020-05-19 12:10:00,168.18,168.29,168.12,168.21,2848,LH
2020-05-19 12:15:00,168.13,168.13,167.79,167.79,4450,LH
2020-05-19 12:20:00,167.89,168.23,167.88,168.14,2613,LH
2020-05-19 12:25:00,168.09,168.09,167.81,167.81,2787,LH
2020-05-19 12:30:00,167.82,167.82,167.3,167.3,3550,LH
2020-05-19 12:35:00,167.45,167.45,166.96,166.96,1911,LH
2020-05-19 12:40:00,166.99,167.27,166.99,167.24,2103,LH
2020-05-19 12:45:00,167.19,167.32,167.17,167.24,2217,LH
2020-05-19 12:50:00,167.3,167.3,167.17,167.2,3570,LH
2020-05-19 12:55:00,167.23,167.33,167.17,167.23,932,LH
2020-05-19 13:00:00,167.2,167.33,167.16,167.28,2975,LH
2020-05-19 13:05:00,167.26,167.44,167.26,167.44,2548,LH
2020-05-19 13:10:00,167.52,167.62,167.44,167.62,3561,LH
2020-05-19 13:15:00,167.54,167.69,167.38,167.65,7618,LH
2020-05-19 13:20:00,167.71,167.71,167.49,167.51,2348,LH
2020-05-19 13:25:00,167.48,167.59,167.37,167.38,2871,LH
2020-05-19 13:30:00,167.33,167.47,167.31,167.38,3414,LH
2020-05-19 13:35:00,167.43,167.43,167.27,167.3,2526,LH
2020-05-19 13:40:00,167.29,167.59,167.24,167.59,4665,LH
2020-05-19 13:45:00,167.52,167.58,167.49,167.5,2904,LH
2020-05-19 13:50:00,167.5,167.5,167.19,167.29,3940,LH
2020-05-19 13:55:00,167.32,167.42,167.29,167.32,2036,LH
2020-05-19 14:00:00,167.33,167.62,167.18,167.41,5511,LH
2020-05-19 14:05:00,167.5,167.68,167.5,167.5,5613,LH
2020-05-19 14:10:00,167.54,167.57,167.38,167.44,4919,LH
2020-05-19 14:15:00,167.51,167.65,167.5,167.5,9137,LH
2020-05-19 14:20:00,167.5,167.67,167.5,167.62,6005,LH
2020-05-19 14:25:00,167.61,167.82,167.54,167.76,4436,LH
2020-05-19 14:30:00,167.96,168.01,167.87,168.01,2438,LH
2020-05-19 14:35:00,168.14,168.25,168.03,168.25,2731,LH
2020-05-19 14:40:00,168.16,168.39,168.16,168.34,2766,LH
2020-05-19 14:45:00,168.5,168.87,168.46,168.77,3598,LH
2020-05-19 14:50:00,168.82,168.82,168.42,168.42,5651,LH
2020-05-19 14:55:00,168.35,168.35,167.33,167.48,10634,LH
2020-05-19 15:00:00,167.49,168.28,167.47,168.25,6951,LH
2020-05-19 15:05:00,168.32,168.54,168.3,168.44,4354,LH
2020-05-19 15:10:00,168.53,169.21,168.48,168.92,8535,LH
2020-05-19 15:15:00,168.9,168.99,168.74,168.78,4070,LH
2020-05-19 15:20:00,168.79,168.87,168.42,168.42,6804,LH
2020-05-19 15:25:00,168.39,168.85,168.39,168.71,4925,LH
2020-05-19 15:30:00,168.78,168.85,168.32,168.59,11805,LH
2020-05-19 15:35:00,168.6,168.7,167.96,168.12,10027,LH
2020-05-19 15:40:00,168.12,168.51,168.08,168.35,12227,LH
2020-05-19 15:45:00,168.29,168.55,168.1,168.13,17574,LH
2020-05-19 15:50:00,168.02,168.15,167.43,167.47,18945,LH
2020-05-19 15:55:00,167.46,167.77,166.86,167.02,49016,LH
2020-05-19 16:00:00,167.01,167.01,167.01,167.01,0,LH
2020-05-19 16:15:00,167.01,167.01,167.01,167.01,0,LH
2020-05-19 16:40:00,167.01,167.01,167.01,167.01,0,LH
2020-05-19 16:50:00,167.75,167.75,167.75,167.75,0,LH
2020-05-19 16:55:00,167.89,167.9,167.89,167.9,0,LH
2020-05-19 17:10:00,167.01,167.01,167.01,167.01,0,LH
2020-05-20 04:35:00,167.65,167.65,167.65,167.65,0,LH
2020-05-20 09:30:00,170.57,171.0,170.0,170.3,25071,LH
2020-05-20 09:35:00,170.8,172.48,170.58,172.48,61464,LH
2020-05-20 09:40:00,172.48,173.43,171.98,173.14,35799,LH
2020-05-20 09:45:00,173.48,173.93,172.94,173.5,22546,LH
2020-05-20 09:50:00,173.49,173.75,172.87,173.1,12842,LH
2020-05-20 09:55:00,173.29,173.32,172.6,172.73,26842,LH
2020-05-20 10:00:00,172.76,172.96,172.46,172.51,7601,LH
2020-05-20 10:05:00,172.34,172.65,172.0,172.0,5894,LH
2020-05-20 10:10:00,172.26,172.42,171.93,171.97,5611,LH
2020-05-20 10:15:00,171.79,172.09,171.65,172.09,5910,LH
2020-05-20 10:20:00,172.24,172.46,172.13,172.31,4266,LH
2020-05-20 10:25:00,172.17,172.27,171.5,172.07,14225,LH
2020-05-20 10:30:00,171.77,172.37,171.77,172.33,12477,LH
2020-05-20 10:35:00,172.32,172.43,172.15,172.28,10713,LH
2020-05-20 10:40:00,172.31,172.4,171.84,171.91,6175,LH
2020-05-20 10:45:00,172.01,172.29,172.01,172.29,3410,LH
2020-05-20 10:50:00,172.16,172.35,171.98,172.05,10138,LH
2020-05-20 10:55:00,172.03,172.05,171.75,171.75,5379,LH
2020-05-20 11:00:00,171.8,171.96,171.6,171.6,7222,LH
2020-05-20 11:05:00,171.49,171.52,171.3,171.37,4646,LH
2020-05-20 11:10:00,171.36,171.5,171.33,171.47,2586,LH
2020-05-20 11:15:00,171.45,171.74,171.34,171.74,5851,LH
2020-05-20 11:20:00,171.78,171.95,171.5,171.5,9839,LH
2020-05-20 11:25:00,171.51,171.69,171.47,171.6,2748,LH
2020-05-20 11:30:00,171.48,171.57,171.44,171.53,4835,LH
2020-05-20 11:35:00,171.45,171.45,171.23,171.35,5893,LH
2020-05-20 11:40:00,171.47,171.47,170.81,170.81,10645,LH
2020-05-20 11:45:00,170.9,171.01,170.7,170.96,5900,LH
2020-05-20 11:50:00,171.01,171.02,170.81,170.81,3728,LH
2020-05-20 11:55:00,170.7,170.78,170.44,170.45,2604,LH
2020-05-20 12:00:00,170.64,170.67,170.06,170.06,3548,LH
2020-05-20 12:05:00,170.1,170.47,170.08,170.08,3479,LH
2020-05-20 12:10:00,170.0,170.25,170.0,170.2,5338,LH
2020-05-20 12:15:00,170.23,170.23,170.0,170.07,4517,LH
2020-05-20 12:20:00,170.12,170.25,170.0,170.06,2748,LH
2020-05-20 12:25:00,170.08,170.28,170.08,170.15,1650,LH
2020-05-20 12:30:00,170.24,170.41,170.08,170.41,3879,LH
2020-05-20 12:35:00,170.43,170.51,170.3,170.42,1869,LH
2020-05-20 12:40:00,170.38,170.38,169.91,169.91,10203,LH
2020-05-20 12:45:00,169.85,170.53,169.79,170.53,13706,LH
2020-05-20 12:50:00,170.54,170.75,170.54,170.75,2290,LH
2020-05-20 12:55:00,170.73,170.76,170.56,170.7,3278,LH
2020-05-20 13:00:00,170.71,170.78,170.57,170.57,4035,LH
2020-05-20 13:05:00,170.5,170.5,170.35,170.41,5113,LH
2020-05-20 13:10:00,170.41,170.74,170.41,170.62,3608,LH
2020-05-20 13:15:00,170.61,170.69,170.45,170.59,3686,LH
2020-05-20 13:20:00,170.37,170.72,170.36,170.55,5382,LH
2020-05-20 13:25:00,170.51,170.6,170.35,170.35,3136,LH
2020-05-20 13:30:00,170.26,170.57,170.26,170.32,2956,LH
2020-05-20 13:35:00,170.36,170.37,170.12,170.34,4611,LH
2020-05-20 13:40:00,170.43,170.5,170.31,170.5,3759,LH
2020-05-20 13:45:00,170.63,170.64,170.54,170.63,2132,LH
2020-05-20 13:50:00,170.67,170.67,170.4,170.41,3526,LH
2020-05-20 13:55:00,170.4,170.4,170.26,170.32,3450,LH
2020-05-20 14:00:00,170.36,170.38,169.66,169.94,7235,LH
2020-05-20 14:05:00,170.12,170.45,169.99,169.99,4339,LH
2020-05-20 14:10:00,170.02,170.24,169.98,169.98,3078,LH
2020-05-20 14:15:00,170.08,170.12,169.88,170.12,2324,LH
2020-05-20 14:20:00,169.99,170.26,169.99,170.26,5214,LH
2020-05-20 14:25:00,170.32,170.41,170.19,170.38,2786,LH
2020-05-20 14:30:00,170.35,170.96,170.35,170.96,3827,LH
2020-05-20 14:35:00,170.92,170.98,170.81,170.84,2797,LH
2020-05-20 14:40:00,170.82,170.84,170.71,170.79,5000,LH
2020-05-20 14:45:00,170.84,171.04,170.66,171.04,32507,LH
2020-05-20 14:50:00,170.97,171.44,170.95,171.35,4042,LH
2020-05-20 14:55:00,171.3,171.3,170.78,170.91,11009,LH
2020-05-20 15:00:00,170.81,171.02,170.75,170.96,5223,LH
2020-05-20 15:05:00,170.93,170.98,170.51,170.86,5167,LH
2020-05-20 15:10:00,170.88,170.93,170.43,170.61,6861,LH
2020-05-20 15:15:00,170.6,171.09,170.54,171.09,7326,LH
2020-05-20 15:20:00,171.1,171.8,171.1,171.68,8395,LH
2020-05-20 15:25:00,171.64,171.82,171.58,171.69,6773,LH
2020-05-20 15:30:00,171.66,171.67,170.64,170.64,18065,LH
2020-05-20 15:35:00,170.68,170.68,170.32,170.36,26751,LH
2020-05-20 15:40:00,170.32,170.61,170.21,170.56,14691,LH
2020-05-20 15:45:00,170.62,170.66,170.12,170.13,12324,LH
2020-05-20 15:50:00,170.09,170.64,169.81,170.61,50557,LH
2020-05-20 15:55:00,170.57,170.88,170.4,170.51,42546,LH
2020-05-20 16:00:00,170.52,170.52,170.52,170.52,0,LH
2020-05-20 16:15:00,170.52,170.52,170.52,170.52,0,LH
2020-05-20 16:45:00,170.5,170.5,170.5,170.5,0,LH
2020-05-20 17:10:00,170.52,170.52,170.52,170.52,0,LH
2020-05-20 18:20:00,170.52,170.52,170.52,170.52,0,LH
2020-05-21 07:25:00,169.4,169.4,169.4,169.4,0,LH
2020-05-21 08:25:00,170.5,170.5,170.5,170.5,0,LH
2020-05-21 08:55:00,170.5,170.5,170.5,170.5,0,LH
2020-05-21 09:30:00,170.45,171.36,169.71,169.71,11094,LH
2020-05-21 09:35:00,169.79,170.72,169.57,170.34,4916,LH
2020-05-21 09:40:00,170.55,171.23,170.33,170.41,5611,LH
2020-05-21 09:45:00,170.27,171.03,170.12,170.56,6975,LH
2020-05-21 09:50:00,170.54,171.06,170.33,170.44,16610,LH
2020-05-21 09:55:00,170.7,171.99,170.02,171.52,17566,LH
2020-05-21 10:00:00,171.56,171.66,171.11,171.11,3794,LH
2020-05-21 10:05:00,171.12,171.7,170.95,171.7,2211,LH
2020-05-21 10:10:00,171.79,172.14,171.67,171.92,6291,LH
2020-05-21 10:15:00,172.02,172.05,171.96,172.05,1373,LH
2020-05-21 10:20:00,172.17,172.66,171.95,172.59,8767,LH
2020-05-21 10:25:00,172.67,172.75,172.27,172.28,6034,LH
2020-05-21 10:30:00,172.13,172.13,171.55,171.9,4556,LH
2020-05-21 10:35:00,171.8,172.28,171.8,171.87,10528,LH
2020-05-21 10:40:00,171.85,172.25,171.85,172.25,1545,LH
2020-05-21 10:45:00,172.14,172.39,172.07,172.27,3696,LH
2020-05-21 10:50:00,172.48,172.48,172.21,172.21,4066,LH
2020-05-21 10:55:00,172.18,172.5,171.93,172.33,10714,LH
2020-05-21 11:00:00,172.22,172.22,171.61,171.61,3244,LH
2020-05-21 11:05:00,171.67,171.67,170.75,171.54,8747,LH
2020-05-21 11:10:00,171.44,172.16,171.44,172.05,4141,LH
2020-05-21 11:15:00,171.95,172.09,171.16,171.58,10379,LH
2020-05-21 11:20:00,171.45,171.62,171.26,171.26,5807,LH
2020-05-21 11:25:00,171.38,171.78,171.16,171.59,3449,LH
2020-05-21 11:30:00,171.57,171.95,171.57,171.9,1964,LH
2020-05-21 11:35:00,171.8,172.5,171.78,172.5,5190,LH
2020-05-21 11:40:00,172.55,172.74,172.33,172.61,6189,LH
2020-05-21 11:45:00,172.59,172.83,172.38,172.38,5887,LH
2020-05-21 11:50:00,172.26,172.35,172.15,172.15,1241,LH
2020-05-21 11:55:00,172.29,172.29,172.1,172.13,1003,LH
2020-05-21 12:00:00,172.26,172.75,172.26,172.48,3494,LH
2020-05-21 12:05:00,172.58,172.82,172.53,172.63,2423,LH
2020-05-21 12:10:00,172.57,172.94,172.56,172.94,2238,LH
2020-05-21 12:15:00,172.93,173.31,172.85,173.01,5344,LH
2020-05-21 12:20:00,173.2,173.35,173.04,173.35,4362,LH
2020-05-21 12:25:00,173.36,173.66,173.33,173.33,4042,LH
2020-05-21 12:30:00,173.21,173.29,172.92,172.92,4380,LH
2020-05-21 12:35:00,172.96,173.35,172.9,172.9,5995,LH
2020-05-21 12:40:00,172.76,173.15,172.76,173.02,2118,LH
2020-05-21 12:45:00,172.91,173.23,172.91,173.23,3912,LH
2020-05-21 12:50:00,173.15,173.27,172.87,173.13,4153,LH
2020-05-21 12:55:00,173.24,173.24,173.03,173.03,1408,LH
2020-05-21 13:00:00,173.03,173.22,172.73,173.09,6186,LH
2020-05-21 13:05:00,173.09,173.12,172.77,172.91,4259,LH
2020-05-21 13:10:00,172.99,173.27,172.99,173.17,4368,LH
2020-05-21 13:15:00,173.13,173.49,173.01,173.44,6114,LH
2020-05-21 13:20:00,173.44,173.89,173.35,173.82,9580,LH
2020-05-21 13:25:00,173.82,174.1,173.75,173.76,5001,LH
2020-05-21 13:30:00,173.93,173.99,173.76,173.97,3219,LH
2020-05-21 13:35:00,173.86,173.99,173.63,173.7,6908,LH
2020-05-21 13:40:00,173.71,173.96,173.53,173.96,4227,LH
2020-05-21 13:45:00,173.86,174.11,173.86,174.01,3152,LH
2020-05-21 13:50:00,173.93,174.02,173.69,173.81,3282,LH
2020-05-21 13:55:00,173.69,173.8,173.61,173.69,4525,LH
2020-05-21 14:00:00,173.51,173.94,173.51,173.82,3619,LH
2020-05-21 14:05:00,173.75,173.81,173.41,173.49,3148,LH
2020-05-21 14:10:00,173.57,173.58,173.37,173.37,7612,LH
2020-05-21 14:15:00,173.44,173.44,173.28,173.28,1593,LH
2020-05-21 14:20:00,173.26,173.37,173.22,173.28,2213,LH
2020-05-21 14:25:00,173.24,173.24,173.13,173.24,2729,LH
2020-05-21 14:30:00,173.28,173.35,172.83,172.83,4020,LH
2020-05-21 14:35:00,172.86,172.86,172.26,172.51,3761,LH
2020-05-21 14:40:00,172.54,172.67,172.52,172.65,5375,LH
2020-05-21 14:45:00,172.52,172.61,172.37,172.51,2501,LH
2020-05-21 14:50:00,172.42,172.86,172.42,172.76,2740,LH
2020-05-21 14:55:00,172.65,172.75,172.49,172.67,3271,LH
2020-05-21 15:00:00,172.69,172.94,172.46,172.52,6195,LH
2020-05-21 15:05:00,172.5,172.85,172.46,172.85,3326,LH
2020-05-21 15:10:00,172.77,172.91,172.55,172.85,4566,LH
2020-05-21 15:15:00,172.85,173.07,172.72,172.98,3971,LH
2020-05-21 15:20:00,172.97,173.12,172.97,173.04,3575,LH
2020-05-21 15:25:00,173.1,173.1,172.75,172.9,6654,LH
2020-05-21 15:30:00,172.85,172.99,172.59,172.76,6024,LH
2020-05-21 15:35:00,172.65,172.96,172.5,172.84,9855,LH
2020-05-21 15:40:00,172.85,172.88,172.61,172.72,15794,LH
2020-05-21 15:45:00,172.79,172.87,172.45,172.63,19522,LH
2020-05-21 15:50:00,172.63,172.68,172.03,172.12,27081,LH
2020-05-21 15:55:00,172.06,172.47,171.91,172.32,51351,LH
2020-05-21 16:00:00,172.32,172.46,172.18,172.32,0,LH
2020-05-21 16:15:00,172.32,172.32,172.18,172.18,0,LH
2020-05-21 17:10:00,172.32,172.32,172.32,172.32,0,LH
2020-05-22 08:15:00,169.2,169.2,168.0,168.0,0,LH
2020-05-22 09:30:00,172.69,173.0,172.01,173.0,14578,LH
2020-05-22 09:35:00,172.99,173.01,171.31,171.31,6346,LH
2020-05-22 09:40:00,171.12,171.5,171.07,171.21,2773,LH
2020-05-22 09:45:00,171.23,171.62,171.08,171.62,2738,LH
2020-05-22 09:50:00,171.29,171.5,170.9,171.24,5284,LH
2020-05-22 09:55:00,171.01,171.07,170.12,170.33,7703,LH
2020-05-22 10:00:00,170.23,170.55,169.81,170.39,8663,LH
2020-05-22 10:05:00,170.28,170.38,169.81,170.25,12405,LH
2020-05-22 10:10:00,170.25,170.49,169.42,169.58,12338,LH
2020-05-22 10:15:00,169.46,170.09,169.43,169.74,16772,LH
2020-05-22 10:20:00,169.76,169.87,169.63,169.68,20597,LH
2020-05-22 10:25:00,169.68,170.6,169.68,170.6,7634,LH
2020-05-22 10:30:00,170.8,170.8,170.45,170.65,4014,LH
2020-05-22 10:35:00,170.46,170.46,170.12,170.34,4801,LH
2020-05-22 10:40:00,170.4,170.4,169.88,170.08,4929,LH
2020-05-22 10:45:00,169.9,170.03,169.73,169.73,5149,LH
2020-05-22 10:50:00,169.77,170.11,169.68,169.99,3400,LH
2020-05-22 10:55:00,169.84,169.96,169.74,169.82,2211,LH
2020-05-22 11:00:00,169.87,170.28,169.87,170.28,4225,LH
2020-05-22 11:05:00,170.1,170.51,170.1,170.51,1510,LH
2020-05-22 11:10:00,170.28,170.57,170.28,170.57,2068,LH
2020-05-22 11:15:00,170.49,170.49,170.13,170.33,5428,LH
2020-05-22 11:20:00,170.26,170.26,170.08,170.08,1665,LH
2020-05-22 11:25:00,170.0,170.5,169.93,170.5,5018,LH
2020-05-22 11:30:00,170.51,170.64,170.34,170.47,5693,LH
2020-05-22 11:35:00,170.35,171.02,170.32,170.76,2899,LH
2020-05-22 11:40:00,170.9,170.97,170.74,170.74,1962,LH
2020-05-22 11:45:00,170.82,171.06,170.82,171.06,2089,LH
2020-05-22 11:50:00,171.04,171.29,171.04,171.08,39209,LH
2020-05-22 11:55:00,171.15,171.15,170.89,170.96,1421,LH
2020-05-22 12:00:00,170.95,171.04,170.86,170.86,2869,LH
2020-05-22 12:05:00,170.63,170.79,170.6,170.68,2375,LH
2020-05-22 12:10:00,170.68,170.7,170.5,170.52,3843,LH
2020-05-22 12:15:00,170.54,170.71,170.54,170.64,3266,LH
2020-05-22 12:20:00,170.63,170.73,170.49,170.73,3950,LH
2020-05-22 12:25:00,170.74,170.74,170.52,170.52,2532,LH
2020-05-22 12:30:00,170.65,170.87,170.65,170.77,2284,LH
2020-05-22 12:35:00,170.81,171.21,170.81,171.14,2108,LH
2020-05-22 12:40:00,171.16,171.39,171.09,171.3,1741,LH
2020-05-22 12:45:00,171.54,171.54,170.99,170.99,2603,LH
2020-05-22 12:50:00,171.07,171.14,170.81,170.88,3632,LH
2020-05-22 12:55:00,170.89,170.98,170.68,170.76,3432,LH
2020-05-22 13:00:00,170.66,170.88,170.66,170.68,1865,LH
2020-05-22 13:05:00,170.75,170.77,170.57,170.64,1613,LH
2020-05-22 13:10:00,170.58,170.69,170.55,170.6,1224,LH
2020-05-22 13:15:00,170.57,170.68,170.48,170.49,4046,LH
2020-05-22 13:20:00,170.36,170.38,170.12,170.18,6593,LH
2020-05-22 13:25:00,170.2,170.29,170.0,170.0,4703,LH
2020-05-22 13:30:00,170.06,170.07,169.76,169.79,3990,LH
2020-05-22 13:35:00,169.77,169.8,169.67,169.73,2358,LH
2020-05-22 13:40:00,169.75,169.94,169.65,169.93,10220,LH
2020-05-22 13:45:00,169.96,170.04,169.89,169.95,2944,LH
2020-05-22 13:50:00,169.98,169.98,169.75,169.83,3502,LH
2020-05-22 13:55:00,169.89,170.3,169.84,170.3,7012,LH
2020-05-22 14:00:00,170.26,170.7,170.24,170.68,5456,LH
2020-05-22 14:05:00,170.61,170.75,170.59,170.75,3407,LH
2020-05-22 14:10:00,170.74,170.74,170.5,170.5,3699,LH
2020-05-22 14:15:00,170.51,170.52,170.08,170.08,6613,LH
2020-05-22 14:20:00,170.06,170.09,169.82,169.98,8344,LH
2020-05-22 14:25:00,169.92,170.01,169.86,169.9,4268,LH
2020-05-22 14:30:00,169.95,170.05,169.88,169.97,4013,LH
2020-05-22 14:35:00,169.93,170.07,169.84,170.04,6063,LH
2020-05-22 14:40:00,170.05,170.1,169.76,169.81,5340,LH
2020-05-22 14:45:00,169.86,169.94,169.7,169.75,3196,LH
2020-05-22 14:50:00,169.74,169.76,169.52,169.71,4824,LH
2020-05-22 14:55:00,169.76,170.07,169.76,170.07,4518,LH
2020-05-22 15:00:00,169.99,170.04,169.79,169.96,4286,LH
2020-05-22 15:05:00,170.04,170.12,169.88,170.1,6528,LH
2020-05-22 15:10:00,170.1,170.11,169.97,169.98,7372,LH
2020-05-22 15:15:00,169.96,169.96,169.69,169.88,7574,LH
2020-05-22 15:20:00,169.9,169.93,169.55,169.66,9720,LH
2020-05-22 15:25:00,169.71,169.97,169.64,169.92,5206,LH
2020-05-22 15:30:00,169.92,170.14,169.8,169.94,8356,LH
2020-05-22 15:35:00,169.86,169.93,169.65,169.73,8848,LH
2020-05-22 15:40:00,169.71,169.74,169.33,169.63,10630,LH
2020-05-22 15:45:00,169.74,170.19,169.74,170.08,9137,LH
2020-05-22 15:50:00,170.09,170.2,169.81,170.2,12924,LH
2020-05-22 15:55:00,170.2,170.47,169.98,170.17,30998,LH
2020-05-22 16:00:00,170.24,170.24,170.16,170.16,42265,LH
2020-05-22 16:15:00,170.16,170.16,170.16,170.16,0,LH
2020-05-26 04:15:00,171.56,171.56,171.56,171.56,0,LH
2020-05-26 07:15:00,172.0,172.0,172.0,172.0,0,LH
2020-05-26 07:35:00,173.02,173.02,173.02,173.02,0,LH
2020-05-26 08:15:00,175.17,175.17,175.17,175.17,0,LH
2020-05-26 09:30:00,175.28,175.28,173.72,174.1,29695,LH
2020-05-26 09:35:00,174.21,174.4,172.55,172.61,24345,LH
2020-05-26 09:40:00,172.8,172.99,172.39,172.99,10297,LH
2020-05-26 09:45:00,172.9,173.16,172.55,173.1,13293,LH
2020-05-26 09:50:00,173.07,173.12,172.45,172.74,6512,LH
2020-05-26 09:55:00,172.74,173.24,172.35,172.76,11811,LH
2020-05-26 10:00:00,172.73,172.95,172.52,172.72,6573,LH
2020-05-26 10:05:00,172.73,173.12,172.1,172.17,8331,LH
2020-05-26 10:10:00,172.11,172.24,171.93,171.93,4483,LH
2020-05-26 10:15:00,172.1,172.93,172.0,172.85,10362,LH
2020-05-26 10:20:00,172.79,172.91,172.6,172.68,6539,LH
2020-05-26 10:25:00,172.62,172.81,172.42,172.68,5799,LH
2020-05-26 10:30:00,172.68,172.87,172.61,172.8,3613,LH
2020-05-26 10:35:00,172.85,173.09,172.85,173.04,3560,LH
2020-05-26 10:40:00,173.11,173.11,172.6,172.77,9445,LH
2020-05-26 10:45:00,172.72,172.84,172.32,172.38,10740,LH
2020-05-26 10:50:00,172.48,173.08,172.48,172.98,7476,LH
2020-05-26 10:55:00,173.04,173.21,172.88,172.9,5101,LH
2020-05-26 11:00:00,172.94,173.04,172.5,172.51,7028,LH
2020-05-26 11:05:00,172.45,172.49,172.21,172.33,6891,LH
2020-05-26 11:10:00,172.11,172.52,172.11,172.42,3990,LH
2020-05-26 11:15:00,172.4,172.4,171.5,171.62,7991,LH
2020-05-26 11:20:00,171.62,171.85,171.59,171.65,7881,LH
2020-05-26 11:25:00,171.65,171.73,171.22,171.55,10605,LH
2020-05-26 11:30:00,171.64,171.64,171.43,171.48,4716,LH
2020-05-26 11:35:00,171.49,171.55,171.35,171.4,7005,LH
2020-05-26 11:40:00,171.4,171.47,171.14,171.14,5353,LH
2020-05-26 11:45:00,171.13,171.55,171.11,171.55,7939,LH
2020-05-26 11:50:00,171.53,171.61,171.39,171.39,2967,LH
2020-05-26 11:55:00,171.38,171.49,171.26,171.43,4358,LH
2020-05-26 12:00:00,171.45,171.45,171.0,171.0,4925,LH
2020-05-26 12:05:00,171.02,171.03,170.65,171.03,7690,LH
2020-05-26 12:10:00,171.01,171.01,170.79,170.9,8570,LH
2020-05-26 12:15:00,170.81,170.86,170.46,170.46,8022,LH
2020-05-26 12:20:00,170.53,170.82,170.46,170.77,4176,LH
2020-05-26 12:25:00,170.77,171.0,170.77,170.93,1372,LH
2020-05-26 12:30:00,170.96,171.07,170.55,170.67,7446,LH
2020-05-26 12:35:00,170.65,170.79,170.58,170.79,2041,LH
2020-05-26 12:40:00,170.96,170.99,170.74,170.76,3940,LH
2020-05-26 12:45:00,170.66,170.82,170.56,170.82,7201,LH
2020-05-26 12:50:00,170.83,171.08,170.81,170.93,2041,LH
2020-05-26 12:55:00,170.97,171.0,170.85,170.98,4483,LH
2020-05-26 13:00:00,170.96,171.23,170.96,171.1,2539,LH
2020-05-26 13:05:00,171.16,171.16,170.81,170.82,6398,LH
2020-05-26 13:10:00,170.76,170.77,170.63,170.72,4264,LH
2020-05-26 13:15:00,170.7,170.84,170.61,170.75,7948,LH
2020-05-26 13:20:00,170.75,170.75,170.54,170.55,3690,LH
2020-05-26 13:25:00,170.59,171.0,170.59,170.94,6238,LH
2020-05-26 13:30:00,171.02,171.07,170.59,170.62,4506,LH
2020-05-26 13:35:00,170.61,170.61,170.29,170.32,10561,LH
2020-05-26 13:40:00,170.18,170.48,170.14,170.42,6401,LH
2020-05-26 13:45:00,170.39,170.63,170.39,170.63,3261,LH
2020-05-26 13:50:00,170.65,170.85,170.51,170.6,5485,LH
2020-05-26 13:55:00,170.49,170.54,170.23,170.23,6289,LH
2020-05-26 14:00:00,170.27,170.46,170.14,170.18,8837,LH
2020-05-26 14:05:00,170.21,170.29,170.07,170.29,7665,LH
2020-05-26 14:10:00,170.25,170.28,170.18,170.2,3170,LH
2020-05-26 14:15:00,170.17,170.6,170.16,170.52,7369,LH
2020-05-26 14:20:00,170.52,170.96,170.52,170.87,4930,LH
2020-05-26 14:25:00,170.88,170.99,170.86,170.93,5483,LH
2020-05-26 14:30:00,170.9,170.98,170.65,170.65,10307,LH
2020-05-26 14:35:00,170.65,170.68,170.44,170.46,7163,LH
2020-05-26 14:40:00,170.39,170.39,169.9,169.9,9736,LH
2020-05-26 14:45:00,169.97,170.15,169.97,170.07,5839,LH
2020-05-26 14:50:00,170.11,170.11,169.85,169.85,10324,LH
2020-05-26 14:55:00,169.85,170.07,169.83,170.02,6593,LH
2020-05-26 15:00:00,169.88,170.08,169.78,169.79,9613,LH
2020-05-26 15:05:00,169.75,169.89,169.42,169.42,8353,LH
2020-05-26 15:10:00,169.34,169.6,169.34,169.53,9020,LH
2020-05-26 15:15:00,169.52,169.62,169.37,169.59,8639,LH
2020-05-26 15:20:00,169.63,169.83,169.56,169.83,8204,LH
2020-05-26 15:25:00,169.8,169.83,169.65,169.73,11087,LH
2020-05-26 15:30:00,169.75,169.79,168.58,168.77,29309,LH
2020-05-26 15:35:00,168.87,169.33,168.87,169.17,15021,LH
2020-05-26 15:40:00,169.2,169.2,168.68,168.77,17228,LH
2020-05-26 15:45:00,168.88,168.88,168.15,168.17,23984,LH
2020-05-26 15:50:00,168.28,168.59,168.2,168.41,29682,LH
2020-05-26 15:55:00,168.33,169.2,168.33,168.58,63027,LH
2020-05-26 16:00:00,168.58,168.58,168.57,168.57,0,LH
2020-05-26 16:15:00,168.57,168.57,168.57,168.57,0,LH
2020-05-27 09:00:00,169.43,169.43,169.43,169.43,0,LH
2020-05-27 09:10:00,168.0,168.02,168.0,168.02,0,LH
2020-05-27 09:30:00,170.56,170.56,168.65,168.95,18302,LH
2020-05-27 09:35:00,169.12,169.34,167.55,167.61,31699,LH
2020-05-27 09:40:00,167.63,169.19,167.13,169.19,11730,LH
2020-05-27 09:45:00,168.95,169.23,168.39,168.45,20135,LH
2020-05-27 09:50:00,168.56,168.89,167.92,168.05,7667,LH
2020-05-27 09:55:00,168.17,168.8,168.04,168.71,9591,LH
2020-05-27 10:00:00,168.65,169.66,168.65,169.66,13840,LH
2020-05-27 10:05:00,169.38,169.9,169.36,169.48,10988,LH
2020-05-27 10:10:00,169.55,169.62,169.32,169.32,4263,LH
2020-05-27 10:15:00,169.56,169.87,169.44,169.56,8295,LH
2020-05-27 10:20:00,169.54,169.58,168.68,169.1,4067,LH
2020-05-27 10:25:00,168.83,169.07,168.82,168.89,6506,LH
2020-05-27 10:30:00,168.76,168.9,168.13,168.13,4553,LH
2020-05-27 10:35:00,168.31,168.38,167.93,168.04,3423,LH
2020-05-27 10:40:00,167.76,167.76,167.14,167.45,10535,LH
2020-05-27 10:45:00,167.34,167.4,166.76,166.77,4446,LH
2020-05-27 10:50:00,166.76,167.64,166.76,167.64,3119,LH
2020-05-27 10:55:00,167.68,167.88,167.46,167.59,5019,LH
2020-05-27 11:00:00,167.46,167.99,167.24,167.99,4080,LH
2020-05-27 11:05:00,168.15,168.15,167.42,167.42,5175,LH
2020-05-27 11:10:00,167.45,168.08,167.45,168.08,5458,LH
2020-05-27 11:15:00,167.96,168.05,167.61,168.05,4294,LH
2020-05-27 11:20:00,168.38,168.66,168.23,168.32,3039,LH
2020-05-27 11:25:00,168.3,169.08,168.3,169.08,4037,LH
2020-05-27 11:30:00,169.16,169.57,169.1,169.54,4868,LH
2020-05-27 11:35:00,169.66,169.88,169.01,169.11,11857,LH
2020-05-27 11:40:00,169.11,169.66,169.11,169.66,2506,LH
2020-05-27 11:45:00,169.61,169.9,169.54,169.54,18023,LH
2020-05-27 11:50:00,169.55,169.55,169.38,169.42,6482,LH
2020-05-27 11:55:00,169.52,169.54,169.2,169.24,7211,LH
2020-05-27 12:00:00,169.24,169.63,169.15,169.6,4730,LH
2020-05-27 12:05:00,169.54,169.81,169.45,169.66,6344,LH
2020-05-27 12:10:00,169.77,169.78,169.34,169.52,4495,LH
2020-05-27 12:15:00,169.49,169.78,169.28,169.78,10643,LH
2020-05-27 12:20:00,169.88,169.93,169.82,169.93,3975,LH
2020-05-27 12:25:00,169.89,170.38,169.87,169.87,8964,LH
2020-05-27 12:30:00,169.96,170.25,169.87,170.25,2227,LH
2020-05-27 12:35:00,170.26,170.35,170.26,170.35,1686,LH
2020-05-27 12:40:00,170.41,170.5,170.3,170.34,4602,LH
2020-05-27 12:45:00,170.35,170.5,170.23,170.5,4563,LH
2020-05-27 12:50:00,170.5,170.89,170.5,170.89,2724,LH
2020-05-27 12:55:00,170.9,171.15,170.5,170.59,13370,LH
2020-05-27 13:00:00,170.66,170.9,169.98,170.76,6384,LH
2020-05-27 13:05:00,170.8,171.1,170.76,171.02,4117,LH
2020-05-27 13:10:00,171.1,171.73,170.98,171.72,13749,LH
2020-05-27 13:15:00,171.71,171.71,171.28,171.41,8436,LH
2020-05-27 13:20:00,171.45,171.73,171.36,171.53,7136,LH
2020-05-27 13:25:00,171.6,171.6,171.38,171.38,3645,LH
2020-05-27 13:30:00,171.39,171.5,171.37,171.44,4593,LH
2020-05-27 13:35:00,171.49,172.07,171.45,171.9,7114,LH
2020-05-27 13:40:00,171.91,171.96,171.77,171.89,6260,LH
2020-05-27 13:45:00,171.81,171.86,171.74,171.85,2166,LH
2020-05-27 13:50:00,171.78,172.18,171.7,172.14,5764,LH
2020-05-27 13:55:00,172.0,172.19,171.87,172.0,11723,LH
2020-05-27 14:00:00,172.04,172.54,172.04,172.49,4523,LH
2020-05-27 14:05:00,172.42,172.58,172.27,172.53,7235,LH
2020-05-27 14:10:00,172.61,173.06,172.61,173.05,6317,LH
2020-05-27 14:15:00,173.04,173.04,172.61,172.89,8439,LH
2020-05-27 14:20:00,172.79,172.94,172.79,172.84,3683,LH
2020-05-27 14:25:00,172.8,172.9,172.77,172.77,4491,LH
2020-05-27 14:30:00,172.69,172.74,172.59,172.74,2278,LH
2020-05-27 14:35:00,172.8,172.95,172.72,172.82,5362,LH
2020-05-27 14:40:00,172.79,173.16,172.79,173.12,6380,LH
2020-05-27 14:45:00,173.12,173.4,172.9,173.4,7249,LH
2020-05-27 14:50:00,173.45,173.68,173.44,173.51,7336,LH
2020-05-27 14:55:00,173.52,173.95,173.52,173.88,5201,LH
2020-05-27 15:00:00,173.81,173.91,173.7,173.73,7367,LH
2020-05-27 15:05:00,173.77,173.85,173.58,173.77,8444,LH
2020-05-27 15:10:00,173.75,174.45,173.75,174.38,9054,LH
2020-05-27 15:15:00,174.44,174.48,174.28,174.29,7769,LH
2020-05-27 15:20:00,174.34,174.43,174.22,174.43,5281,LH
2020-05-27 15:25:00,174.35,174.44,174.2,174.38,7004,LH
2020-05-27 15:30:00,174.36,174.71,174.27,174.35,28973,LH
2020-05-27 15:35:00,174.44,175.0,174.43,174.56,56178,LH
2020-05-27 15:40:00,174.61,175.0,174.45,175.0,27755,LH
2020-05-27 15:45:00,175.0,175.0,174.7,174.83,37066,LH
2020-05-27 15:50:00,174.91,175.0,174.66,174.79,27209,LH
2020-05-27 15:55:00,174.86,175.0,174.74,174.87,36413,LH
2020-05-27 16:00:00,174.9,174.9,174.86,174.86,56227,LH
2020-05-27 16:15:00,174.86,174.86,174.86,174.86,0,LH
2020-05-27 16:20:00,174.86,174.86,174.86,174.86,0,LH
2020-05-27 17:05:00,172.09,172.09,172.09,172.09,0,LH
2020-05-27 17:40:00,173.95,173.95,173.95,173.95,0,LH
2020-05-27 18:25:00,174.1,174.1,174.1,174.1,0,LH
2020-05-28 07:35:00,170.2,170.2,170.2,170.2,0,LH
2020-05-28 08:15:00,175.1,175.1,175.1,175.1,0,LH
2020-05-28 09:30:00,176.21,176.21,174.77,175.44,11059,LH
2020-05-28 09:35:00,175.8,176.3,174.54,175.07,5326,LH
2020-05-28 09:40:00,175.18,175.18,174.38,174.65,3465,LH
2020-05-28 09:45:00,173.24,174.56,173.24,174.47,5852,LH
2020-05-28 09:50:00,174.18,174.74,174.08,174.49,3267,LH
2020-05-28 09:55:00,174.37,175.03,174.36,174.51,3890,LH
2020-05-28 10:00:00,174.69,174.77,174.45,174.66,2361,LH
2020-05-28 10:05:00,174.7,175.98,174.61,175.98,10151,LH
2020-05-28 10:10:00,175.98,176.12,175.89,175.97,7167,LH
2020-05-28 10:15:00,175.91,175.91,175.24,175.4,5583,LH
2020-05-28 10:20:00,175.47,175.99,175.47,175.75,2516,LH
2020-05-28 10:25:00,175.63,176.05,175.55,175.67,6502,LH
2020-05-28 10:30:00,176.02,176.35,175.94,176.32,5301,LH
2020-05-28 10:35:00,176.34,176.49,176.16,176.37,3142,LH
2020-05-28 10:40:00,176.54,176.9,176.54,176.9,4549,LH
2020-05-28 10:45:00,176.85,177.12,176.85,177.05,1789,LH
2020-05-28 10:50:00,177.23,177.5,177.17,177.48,7347,LH
2020-05-28 10:55:00,177.42,177.5,177.38,177.5,20368,LH
2020-05-28 11:00:00,177.32,178.16,177.2,178.15,12366,LH
2020-05-28 11:05:00,178.16,178.74,178.11,178.41,6049,LH
2020-05-28 11:10:00,178.24,178.67,178.1,178.65,7439,LH
2020-05-28 11:15:00,178.75,178.75,178.01,178.07,8834,LH
2020-05-28 11:20:00,177.96,178.02,177.55,177.77,10703,LH
2020-05-28 11:25:00,177.88,177.88,177.26,177.72,16737,LH
2020-05-28 11:30:00,177.74,177.84,177.04,177.15,2395,LH
2020-05-28 11:35:00,177.25,177.29,177.0,177.0,2460,LH
2020-05-28 11:40:00,176.72,177.29,176.72,177.08,7129,LH
2020-05-28 11:45:00,177.22,177.23,177.14,177.23,1503,LH
2020-05-28 11:50:00,177.34,177.62,177.22,177.33,8469,LH
2020-05-28 11:55:00,177.23,177.48,177.23,177.48,1528,LH
2020-05-28 12:00:00,177.33,177.46,177.21,177.21,2012,LH
2020-05-28 12:05:00,177.21,177.3,177.2,177.23,1608,LH
2020-05-28 12:10:00,177.19,177.42,177.18,177.24,3311,LH
2020-05-28 12:15:00,177.28,177.32,176.73,176.73,4862,LH
2020-05-28 12:20:00,176.74,176.91,176.74,176.91,3630,LH
2020-05-28 12:25:00,177.03,177.27,176.83,177.06,5758,LH
2020-05-28 12:30:00,177.15,177.2,177.08,177.16,3405,LH
2020-05-28 12:35:00,177.03,177.26,177.03,177.21,1889,LH
2020-05-28 12:40:00,177.26,177.4,176.9,176.9,2581,LH
2020-05-28 12:45:00,176.87,177.05,176.86,177.05,1984,LH
2020-05-28 12:50:00,177.05,177.2,177.03,177.03,2486,LH
2020-05-28 12:55:00,177.06,177.27,177.06,177.11,6000,LH
2020-05-28 13:00:00,177.19,177.28,177.07,177.28,3901,LH
2020-05-28 13:05:00,177.22,177.24,176.89,176.89,3784,LH
2020-05-28 13:10:00,176.91,176.95,176.8,176.86,1947,LH
2020-05-28 13:15:00,176.77,176.77,176.5,176.5,4712,LH
2020-05-28 13:20:00,176.37,176.62,176.37,176.62,3315,LH
2020-05-28 13:25:00,176.71,176.99,176.66,176.87,6221,LH
2020-05-28 13:30:00,176.91,177.52,176.91,177.52,6441,LH
2020-05-28 13:35:00,177.57,178.08,177.48,178.08,11428,LH
2020-05-28 13:40:00,178.22,178.56,178.18,178.41,15216,LH
2020-05-28 13:45:00,178.45,178.7,178.26,178.49,9525,LH
2020-05-28 13:50:00,178.41,178.41,177.85,178.37,6996,LH
2020-05-28 13:55:00,178.28,178.54,178.24,178.44,6017,LH
2020-05-28 14:00:00,178.47,179.01,178.43,179.0,9486,LH
2020-05-28 14:05:00,179.01,179.17,178.65,178.65,10045,LH
2020-05-28 14:10:00,178.65,178.72,178.5,178.7,6817,LH
2020-05-28 14:15:00,178.65,178.73,178.59,178.7,4701,LH
2020-05-28 14:20:00,178.61,178.76,178.33,178.33,5519,LH
2020-05-28 14:25:00,178.31,178.33,177.55,178.12,8884,LH
2020-05-28 14:30:00,178.12,178.56,178.12,178.56,5894,LH
2020-05-28 14:35:00,178.45,178.48,178.19,178.46,5115,LH
2020-05-28 14:40:00,178.38,178.39,177.98,178.06,3934,LH
2020-05-28 14:45:00,178.05,178.14,177.99,178.1,3895,LH
2020-05-28 14:50:00,178.18,178.35,178.06,178.14,3342,LH
2020-05-28 14:55:00,178.07,178.31,178.07,178.28,5932,LH
2020-05-28 15:00:00,178.32,178.44,178.2,178.37,3731,LH
2020-05-28 15:05:00,178.27,178.45,178.27,178.34,6015,LH
2020-05-28 15:10:00,178.24,178.75,178.2,178.75,5607,LH
2020-05-28 15:15:00,178.71,178.71,177.92,178.04,10220,LH
2020-05-28 15:20:00,178.02,178.16,177.65,178.09,7286,LH
2020-05-28 15:25:00,177.96,178.19,177.61,177.61,8246,LH
2020-05-28 15:30:00,177.69,177.91,177.25,177.32,9826,LH
2020-05-28 15:35:00,177.3,177.7,177.21,177.5,14258,LH
2020-05-28 15:40:00,177.49,177.49,176.71,176.71,25481,LH
2020-05-28 15:45:00,176.76,176.92,176.05,176.12,22929,LH
2020-05-28 15:50:00,176.0,176.05,175.55,175.7,36619,LH
2020-05-28 15:55:00,175.76,176.2,175.54,175.66,78577,LH
2020-05-28 16:00:00,175.66,175.66,175.66,175.66,0,LH
2020-05-28 16:15:00,175.66,175.66,175.66,175.66,0,LH
2020-05-29 09:30:00,175.66,177.22,175.55,177.22,13659,LH
2020-05-29 09:35:00,177.38,177.7,176.17,177.13,24560,LH
2020-05-29 09:40:00,177.13,177.41,175.85,176.57,36920,LH
2020-05-29 09:45:00,176.41,176.54,175.44,175.49,7350,LH
2020-05-29 09:50:00,175.37,175.37,174.82,175.06,5702,LH
2020-05-29 09:55:00,175.11,175.26,174.45,174.77,15397,LH
2020-05-29 10:00:00,174.76,175.05,174.5,174.73,8863,LH
2020-05-29 10:05:00,174.79,175.09,174.66,175.07,10070,LH
2020-05-29 10:10:00,174.93,175.2,174.82,175.15,5483,LH
2020-05-29 10:15:00,175.04,175.78,175.04,175.78,4044,LH
2020-05-29 10:20:00,175.46,175.87,175.37,175.59,5674,LH
2020-05-29 10:25:00,175.46,175.46,174.52,174.64,5217,LH
2020-05-29 10:30:00,174.82,175.15,174.79,174.79,4939,LH
2020-05-29 10:35:00,174.7,174.82,174.42,174.52,2454,LH
2020-05-29 10:40:00,174.62,174.7,174.38,174.53,8044,LH
2020-05-29 10:45:00,174.42,174.63,174.37,174.48,9952,LH
2020-05-29 10:50:00,174.42,174.42,173.82,173.86,8604,LH
2020-05-29 10:55:00,173.8,173.99,173.52,173.52,5581,LH
2020-05-29 11:00:00,173.55,173.88,173.51,173.7,8462,LH
2020-05-29 11:05:00,173.69,174.02,173.66,173.81,13897,LH
2020-05-29 11:10:00,173.85,174.18,173.85,174.18,2758,LH
2020-05-29 11:15:00,174.21,174.52,174.15,174.15,5505,LH
2020-05-29 11:20:00,174.25,174.35,173.94,173.96,5915,LH
2020-05-29 11:25:00,173.97,173.97,173.24,173.4,17508,LH
2020-05-29 11:30:00,173.61,173.85,173.46,173.85,1562,LH
2020-05-29 11:35:00,173.91,174.42,173.85,174.35,6389,LH
2020-05-29 11:40:00,174.21,174.4,173.8,173.8,5184,LH
2020-05-29 11:45:00,174.0,174.56,173.94,174.56,4185,LH
2020-05-29 11:50:00,174.64,174.73,174.6,174.71,2913,LH
2020-05-29 11:55:00,174.71,174.94,174.21,174.53,11074,LH
2020-05-29 12:00:00,174.49,174.54,174.24,174.24,8118,LH
2020-05-29 12:05:00,174.23,174.24,173.79,173.88,7758,LH
2020-05-29 12:10:00,173.87,174.1,173.74,173.74,6202,LH
2020-05-29 12:15:00,173.62,173.77,173.43,173.43,7273,LH
2020-05-29 12:20:00,173.48,173.54,173.2,173.23,7682,LH
2020-05-29 12:25:00,173.17,173.34,173.07,173.28,10121,LH
2020-05-29 12:30:00,173.23,173.23,173.04,173.12,3414,LH
2020-05-29 12:35:00,173.07,173.38,172.71,173.38,8575,LH
2020-05-29 12:40:00,173.36,173.52,173.2,173.2,3156,LH
2020-05-29 12:45:00,173.16,173.24,172.9,172.91,3426,LH
2020-05-29 12:50:00,173.03,173.04,172.33,172.37,9916,LH
2020-05-29 12:55:00,172.59,173.65,172.51,173.6,8241,LH
2020-05-29 13:00:00,173.54,173.57,172.73,172.75,11224,LH
2020-05-29 13:05:00,172.52,172.91,172.33,172.77,8725,LH
2020-05-29 13:10:00,172.75,172.98,172.6,172.88,4668,LH
2020-05-29 13:15:00,172.93,173.02,172.74,172.96,4866,LH
2020-05-29 13:20:00,173.03,173.55,173.03,173.53,2300,LH
2020-05-29 13:25:00,173.43,173.43,173.07,173.35,5881,LH
2020-05-29 13:30:00,173.28,173.43,173.03,173.07,5913,LH
2020-05-29 13:35:00,173.07,173.07,172.91,172.98,3615,LH
2020-05-29 13:40:00,173.05,173.07,172.7,172.7,7217,LH
2020-05-29 13:45:00,172.7,172.7,172.16,172.5,10707,LH
2020-05-29 13:50:00,172.48,172.63,172.33,172.46,5837,LH
2020-05-29 13:55:00,172.49,172.78,172.48,172.71,3509,LH
2020-05-29 14:00:00,172.71,172.94,172.6,172.69,4663,LH
2020-05-29 14:05:00,172.69,173.92,172.67,173.34,16893,LH
2020-05-29 14:10:00,173.39,173.63,173.27,173.5,5316,LH
2020-05-29 14:15:00,173.46,174.15,173.39,174.15,3129,LH
2020-05-29 14:20:00,174.3,174.36,174.08,174.29,4339,LH
2020-05-29 14:25:00,174.26,174.71,174.2,174.59,3599,LH
2020-05-29 14:30:00,174.6,174.78,174.4,174.57,6683,LH
2020-05-29 14:35:00,174.61,174.8,174.47,174.52,5940,LH
2020-05-29 14:40:00,174.6,174.63,174.37,174.4,3404,LH
2020-05-29 14:45:00,174.38,174.51,174.07,174.13,5514,LH
2020-05-29 14:50:00,174.05,174.05,172.64,173.55,15128,LH
2020-05-29 14:55:00,173.83,175.57,173.5,175.57,10157,LH
2020-05-29 15:00:00,175.77,176.42,175.73,176.42,8877,LH
2020-05-29 15:05:00,176.32,176.32,175.9,176.01,6578,LH
2020-05-29 15:10:00,175.9,176.15,175.24,175.37,10665,LH
2020-05-29 15:15:00,175.28,175.28,174.55,175.07,15996,LH
2020-05-29 15:20:00,175.05,175.43,174.9,175.43,8502,LH
2020-05-29 15:25:00,175.39,175.39,174.7,174.85,15435,LH
2020-05-29 15:30:00,174.87,175.44,174.82,175.27,11153,LH
2020-05-29 15:35:00,175.22,175.6,175.22,175.59,12792,LH
2020-05-29 15:40:00,175.55,175.82,175.26,175.53,17887,LH
2020-05-29 15:45:00,175.42,175.55,174.85,175.05,30247,LH
2020-05-29 15:50:00,175.2,176.29,175.07,175.95,50773,LH
2020-05-29 15:55:00,175.9,176.47,175.75,175.8,102536,LH
2020-05-29 16:00:00,175.32,175.32,175.32,175.32,0,LH
2020-05-29 16:15:00,175.32,175.32,175.32,175.32,0,LH
2020-05-29 16:35:00,175.32,175.32,175.32,175.32,0,LH
2020-05-29 17:40:00,175.32,175.32,175.32,175.32,0,LH
2020-05-29 19:15:00,176.5,176.5,176.5,176.5,0,LH
2020-06-01 04:20:00,176.5,176.5,176.5,176.5,0,LH
2020-06-01 07:55:00,176.5,176.5,176.5,176.5,0,LH
2020-06-01 08:15:00,175.8,175.8,175.8,175.8,0,LH
2020-06-01 09:15:00,175.8,175.8,175.8,175.8,0,LH
2020-06-01 09:30:00,174.07,175.0,174.07,175.0,14735,LH
2020-06-01 09:35:00,174.21,175.32,174.21,175.1,5147,LH
2020-06-01 09:40:00,175.1,176.18,175.09,176.14,2504,LH
2020-06-01 09:45:00,176.26,178.34,176.26,177.98,21052,LH
2020-06-01 09:50:00,177.94,177.94,176.66,176.99,5469,LH
2020-06-01 09:55:00,176.99,177.2,176.6,176.93,6416,LH
2020-06-01 10:00:00,176.8,176.82,176.29,176.52,8330,LH
2020-06-01 10:05:00,176.63,177.12,176.5,176.68,4125,LH
2020-06-01 10:10:00,176.6,177.0,176.12,176.18,20141,LH
2020-06-01 10:15:00,176.66,176.88,176.52,176.56,4514,LH
2020-06-01 10:20:00,176.39,176.66,175.91,175.91,3604,LH
2020-06-01 10:25:00,175.84,176.36,175.56,176.11,8286,LH
2020-06-01 10:30:00,176.27,176.48,176.04,176.04,3787,LH
2020-06-01 10:35:00,176.04,176.05,175.86,176.05,2689,LH
2020-06-01 10:40:00,176.02,176.08,175.81,176.05,2458,LH
2020-06-01 10:45:00,176.03,176.03,175.41,175.41,3947,LH
2020-06-01 10:50:00,175.36,175.67,175.2,175.67,4401,LH
2020-06-01 10:55:00,175.76,175.97,175.76,175.77,2838,LH
2020-06-01 11:00:00,175.83,175.89,175.26,175.32,4635,LH
2020-06-01 11:05:00,175.43,175.55,175.26,175.55,4236,LH
2020-06-01 11:10:00,175.43,175.67,174.83,175.62,7610,LH
2020-06-01 11:15:00,175.43,175.81,175.29,175.72,2036,LH
2020-06-01 11:20:00,175.73,175.8,175.41,175.41,4423,LH
2020-06-01 11:25:00,175.39,175.88,175.39,175.84,5756,LH
2020-06-01 11:30:00,175.8,175.98,175.67,175.72,4171,LH
2020-06-01 11:35:00,175.64,175.9,175.46,175.9,4616,LH
2020-06-01 11:40:00,175.99,176.3,175.99,176.26,3373,LH
2020-06-01 11:45:00,176.25,176.54,176.25,176.3,8279,LH
2020-06-01 11:50:00,176.36,176.68,176.22,176.47,3779,LH
2020-06-01 11:55:00,176.5,176.53,176.35,176.53,2082,LH
2020-06-01 12:00:00,176.53,176.53,176.21,176.34,6603,LH
2020-06-01 12:05:00,176.45,176.48,176.23,176.23,6573,LH
2020-06-01 12:10:00,176.29,176.29,175.93,176.27,4105,LH
2020-06-01 12:15:00,176.25,176.49,176.23,176.49,1491,LH
2020-06-01 12:20:00,176.41,176.46,176.19,176.43,5655,LH
2020-06-01 12:25:00,176.44,176.48,176.1,176.12,3254,LH
2020-06-01 12:30:00,176.08,176.42,176.08,176.42,3496,LH
2020-06-01 12:35:00,176.43,176.47,176.23,176.31,3009,LH
2020-06-01 12:40:00,176.32,176.53,176.32,176.44,4709,LH
2020-06-01 12:45:00,176.51,176.52,176.48,176.48,1986,LH
2020-06-01 12:50:00,176.5,176.74,176.43,176.63,3914,LH
2020-06-01 12:55:00,176.6,176.77,176.48,176.6,3230,LH
2020-06-01 13:00:00,176.64,176.71,176.46,176.71,2204,LH
2020-06-01 13:05:00,176.7,176.93,176.7,176.8,4114,LH
2020-06-01 13:10:00,176.76,176.81,176.49,176.63,5192,LH
2020-06-01 13:15:00,176.83,177.34,176.83,177.31,4140,LH
2020-06-01 13:20:00,177.4,177.76,177.4,177.75,4609,LH
2020-06-01 13:25:00,177.85,177.92,177.66,177.66,5245,LH
2020-06-01 13:30:00,177.57,177.57,177.43,177.43,3535,LH
2020-06-01 13:35:00,177.51,177.76,177.46,177.65,6668,LH
2020-06-01 13:40:00,177.52,177.9,177.52,177.9,2988,LH
2020-06-01 13:45:00,177.89,177.93,177.82,177.84,4593,LH
2020-06-01 13:50:00,177.83,178.0,177.69,178.0,4226,LH
2020-06-01 13:55:00,178.01,178.15,177.99,178.11,4219,LH
2020-06-01 14:00:00,178.19,178.19,177.99,178.14,4249,LH
2020-06-01 14:05:00,178.15,178.67,178.15,178.67,4969,LH
2020-06-01 14:10:00,178.68,179.0,178.64,179.0,7943,LH
2020-06-01 14:15:00,178.99,179.12,178.81,178.9,11508,LH
2020-06-01 14:20:00,178.84,178.92,178.51,178.51,4487,LH
2020-06-01 14:25:00,178.52,178.64,178.15,178.41,7396,LH
2020-06-01 14:30:00,178.32,178.46,178.0,178.4,6198,LH
2020-06-01 14:35:00,178.32,178.4,178.11,178.13,3287,LH
2020-06-01 14:40:00,178.07,178.2,178.01,178.12,4063,LH
2020-06-01 14:45:00,178.18,178.25,178.03,178.25,4199,LH
2020-06-01 14:50:00,178.28,178.65,178.28,178.65,4860,LH
2020-06-01 14:55:00,178.58,178.63,178.39,178.44,4944,LH
2020-06-01 15:00:00,178.37,178.58,178.37,178.57,3430,LH
2020-06-01 15:05:00,178.57,178.57,178.21,178.26,4281,LH
2020-06-01 15:10:00,178.29,178.29,178.03,178.09,2541,LH
2020-06-01 15:15:00,177.99,178.05,177.81,177.87,7438,LH
2020-06-01 15:20:00,177.93,178.08,177.82,177.9,4663,LH
2020-06-01 15:25:00,177.93,177.98,177.71,177.72,2565,LH
2020-06-01 15:30:00,177.67,178.13,177.67,177.98,6678,LH
2020-06-01 15:35:00,177.93,177.95,177.73,177.76,4977,LH
2020-06-01 15:40:00,177.74,177.88,177.55,177.88,8212,LH
2020-06-01 15:45:00,177.86,177.86,177.38,177.46,10886,LH
2020-06-01 15:50:00,177.39,177.68,177.24,177.25,19687,LH
2020-06-01 15:55:00,177.26,177.36,176.9,177.03,32955,LH
2020-06-01 16:00:00,177.02,177.02,177.02,177.02,0,LH
2020-06-01 16:15:00,177.02,177.02,177.02,177.02,0,LH
2020-06-02 09:05:00,177.5,177.5,177.5,177.5,0,LH
2020-06-02 09:30:00,178.19,178.52,176.69,177.32,42818,LH
2020-06-02 09:35:00,177.34,178.01,177.32,177.71,7356,LH
2020-06-02 09:40:00,178.27,178.62,177.96,178.47,17343,LH
2020-06-02 09:45:00,178.51,179.18,178.42,178.49,14663,LH
2020-06-02 09:50:00,178.5,178.72,178.45,178.65,4209,LH
2020-06-02 09:55:00,178.7,178.7,178.58,178.6,1136,LH
2020-06-02 10:00:00,178.6,178.6,177.83,177.95,6215,LH
2020-06-02 10:05:00,178.08,178.09,177.38,177.48,7986,LH
2020-06-02 10:10:00,177.38,177.7,177.11,177.7,4266,LH
2020-06-02 10:15:00,177.7,178.45,177.58,178.43,14033,LH
2020-06-02 10:20:00,178.5,179.08,178.5,179.08,8711,LH
2020-06-02 10:25:00,178.98,179.89,178.98,179.77,18256,LH
2020-06-02 10:30:00,179.88,179.93,179.5,179.66,20177,LH
2020-06-02 10:35:00,179.63,180.0,179.49,179.88,18205,LH
2020-06-02 10:40:00,179.88,180.0,179.21,179.21,42829,LH
2020-06-02 10:45:00,179.2,179.34,179.11,179.19,11632,LH
2020-06-02 10:50:00,179.19,179.19,178.81,179.05,13156,LH
2020-06-02 10:55:00,179.13,179.19,178.9,179.05,2703,LH
2020-06-02 11:00:00,179.06,179.06,178.5,178.85,5349,LH
2020-06-02 11:05:00,178.78,178.78,178.1,178.1,4495,LH
2020-06-02 11:10:00,178.18,178.38,178.18,178.26,2453,LH
2020-06-02 11:15:00,178.35,178.61,178.29,178.48,4901,LH
2020-06-02 11:20:00,178.57,178.65,178.53,178.57,2635,LH
2020-06-02 11:25:00,178.48,178.62,178.35,178.49,6674,LH
2020-06-02 11:30:00,178.3,178.52,178.3,178.51,2682,LH
2020-06-02 11:35:00,178.41,178.54,178.38,178.48,2406,LH
2020-06-02 11:40:00,178.43,178.85,178.43,178.85,4636,LH
2020-06-02 11:45:00,178.84,178.98,178.6,178.85,4460,LH
2020-06-02 11:50:00,178.8,178.94,178.78,178.9,3903,LH
2020-06-02 11:55:00,178.85,178.94,178.76,178.89,6901,LH
2020-06-02 12:00:00,179.01,179.01,178.77,178.78,2870,LH
2020-06-02 12:05:00,178.76,178.92,178.76,178.87,3566,LH
2020-06-02 12:10:00,178.85,178.98,178.81,178.85,5103,LH
2020-06-02 12:15:00,178.93,178.97,178.87,178.97,2316,LH
2020-06-02 12:20:00,178.98,178.98,178.9,178.93,3362,LH
2020-06-02 12:25:00,178.86,179.33,178.86,179.31,11515,LH
2020-06-02 12:30:00,179.33,179.4,179.24,179.24,4139,LH
2020-06-02 12:35:00,179.21,179.21,178.89,179.01,5356,LH
2020-06-02 12:40:00,179.16,179.24,179.07,179.24,2694,LH
2020-06-02 12:45:00,179.16,179.25,179.11,179.11,1637,LH
2020-06-02 12:50:00,179.16,179.3,179.06,179.08,4952,LH
2020-06-02 12:55:00,179.07,179.29,178.99,179.29,3671,LH
2020-06-02 13:00:00,179.29,179.35,179.2,179.26,3721,LH
2020-06-02 13:05:00,179.3,179.48,179.29,179.4,5909,LH
2020-06-02 13:10:00,179.41,179.9,179.35,179.8,6033,LH
2020-06-02 13:15:00,179.78,179.85,179.67,179.73,3320,LH
2020-06-02 13:20:00,179.79,179.84,179.45,179.49,12198,LH
2020-06-02 13:25:00,179.59,179.64,179.54,179.57,6638,LH
2020-06-02 13:30:00,179.57,179.7,179.36,179.7,4082,LH
2020-06-02 13:35:00,179.68,179.79,179.57,179.57,5061,LH
2020-06-02 13:40:00,179.57,179.84,179.57,179.77,4578,LH
2020-06-02 13:45:00,179.81,179.81,179.58,179.62,2700,LH
2020-06-02 13:50:00,179.7,179.71,179.6,179.61,2914,LH
2020-06-02 13:55:00,179.6,179.7,179.56,179.62,3310,LH
2020-06-02 14:00:00,179.59,179.6,179.28,179.28,6306,LH
2020-06-02 14:05:00,179.26,179.27,179.07,179.22,6143,LH
2020-06-02 14:10:00,179.17,179.23,179.13,179.2,3317,LH
2020-06-02 14:15:00,179.12,179.16,178.95,178.98,3096,LH
2020-06-02 14:20:00,178.97,179.33,178.89,179.24,7498,LH
2020-06-02 14:25:00,179.25,179.37,178.96,179.16,7793,LH
2020-06-02 14:30:00,179.25,179.28,179.0,179.0,5478,LH
2020-06-02 14:35:00,179.06,179.29,179.03,179.03,7124,LH
2020-06-02 14:40:00,179.23,179.49,179.23,179.49,3265,LH
2020-06-02 14:45:00,179.56,179.94,179.54,179.89,5195,LH
2020-06-02 14:50:00,179.95,180.0,179.87,179.98,4201,LH
2020-06-02 14:55:00,180.0,180.0,179.61,179.61,15936,LH
2020-06-02 15:00:00,179.65,179.65,179.43,179.43,4449,LH
2020-06-02 15:05:00,179.48,179.66,179.45,179.54,6660,LH
2020-06-02 15:10:00,179.47,179.94,179.47,179.71,7895,LH
2020-06-02 15:15:00,179.71,179.75,179.42,179.51,8957,LH
2020-06-02 15:20:00,179.52,179.58,179.08,179.16,5164,LH
2020-06-02 15:25:00,179.08,179.18,178.76,179.13,6491,LH
2020-06-02 15:30:00,179.19,179.36,179.1,179.34,13168,LH
2020-06-02 15:35:00,179.3,179.33,179.07,179.33,14088,LH
2020-06-02 15:40:00,179.34,179.48,179.21,179.44,15559,LH
2020-06-02 15:45:00,179.47,179.73,179.43,179.62,25130,LH
2020-06-02 15:50:00,179.67,179.89,179.47,179.83,53597,LH
2020-06-02 15:55:00,179.83,180.13,179.69,179.83,90318,LH
2020-06-02 16:00:00,179.82,179.82,179.82,179.82,0,LH
2020-06-02 16:15:00,179.82,179.82,179.82,179.82,0,LH
2020-06-02 16:35:00,179.38,179.38,179.38,179.38,0,LH
2020-06-03 09:30:00,182.5,183.0,181.03,182.79,16395,LH
2020-06-03 09:35:00,183.17,183.17,181.77,181.84,8490,LH
2020-06-03 09:40:00,181.84,182.6,181.84,182.12,8861,LH
2020-06-03 09:45:00,182.49,182.5,181.08,181.28,8580,LH
2020-06-03 09:50:00,181.43,181.57,181.15,181.26,9431,LH
2020-06-03 09:55:00,181.22,181.38,180.79,180.84,8434,LH
2020-06-03 10:00:00,180.53,180.65,179.99,180.65,14451,LH
2020-06-03 10:05:00,180.48,180.62,180.4,180.45,3245,LH
2020-06-03 10:10:00,180.51,180.51,180.17,180.24,6682,LH
2020-06-03 10:15:00,180.36,180.47,180.12,180.16,7008,LH
2020-06-03 10:20:00,180.23,180.23,179.85,180.02,6482,LH
2020-06-03 10:25:00,180.16,181.31,180.15,181.23,9127,LH
2020-06-03 10:30:00,181.39,181.5,181.39,181.49,4713,LH
2020-06-03 10:35:00,181.33,181.33,180.97,181.12,5577,LH
2020-06-03 10:40:00,180.96,181.15,180.89,181.1,6561,LH
2020-06-03 10:45:00,181.12,181.19,180.89,180.89,3717,LH
2020-06-03 10:50:00,181.08,181.08,180.63,180.92,3924,LH
2020-06-03 10:55:00,180.85,180.98,180.85,180.87,1822,LH
2020-06-03 11:00:00,180.96,181.5,180.95,181.5,6599,LH
2020-06-03 11:05:00,181.39,181.74,181.31,181.74,6407,LH
2020-06-03 11:10:00,181.74,181.76,181.47,181.56,5565,LH
2020-06-03 11:15:00,181.53,181.58,181.28,181.4,5436,LH
2020-06-03 11:20:00,181.36,181.51,181.08,181.5,6365,LH
2020-06-03 11:25:00,181.5,181.5,181.2,181.35,4021,LH
2020-06-03 11:30:00,181.35,181.8,181.3,181.8,9541,LH
2020-06-03 11:35:00,181.71,181.94,181.7,181.71,3515,LH
2020-06-03 11:40:00,181.77,181.77,181.19,181.19,3643,LH
2020-06-03 11:45:00,181.27,181.37,181.16,181.37,3573,LH
2020-06-03 11:50:00,181.24,181.45,181.11,181.32,2614,LH
2020-06-03 11:55:00,181.4,181.49,181.13,181.3,3887,LH
2020-06-03 12:00:00,181.38,181.38,180.96,181.09,3455,LH
2020-06-03 12:05:00,181.06,181.22,180.77,180.77,6628,LH
2020-06-03 12:10:00,180.84,180.84,180.62,180.74,4473,LH
2020-06-03 12:15:00,180.71,180.79,180.64,180.79,3878,LH
2020-06-03 12:20:00,180.89,181.04,180.82,180.97,4025,LH
2020-06-03 12:25:00,180.98,181.06,180.75,181.0,4818,LH
2020-06-03 12:30:00,180.94,181.03,180.73,180.94,5504,LH
2020-06-03 12:35:00,180.78,180.79,180.69,180.69,2698,LH
2020-06-03 12:40:00,180.59,180.73,180.45,180.59,3841,LH
2020-06-03 12:45:00,180.37,180.41,179.92,179.92,4148,LH
2020-06-03 12:50:00,179.91,179.98,179.82,179.95,4423,LH
2020-06-03 12:55:00,179.88,179.9,179.72,179.79,2765,LH
2020-06-03 13:00:00,179.91,179.93,179.74,179.89,2559,LH
2020-06-03 13:05:00,179.9,179.94,179.84,179.85,2649,LH
2020-06-03 13:10:00,179.88,180.15,179.88,180.14,4264,LH
2020-06-03 13:15:00,180.09,180.15,180.03,180.15,2551,LH
2020-06-03 13:20:00,180.15,180.15,179.8,179.8,3377,LH
2020-06-03 13:25:00,179.79,179.79,179.55,179.55,2811,LH
2020-06-03 13:30:00,179.59,179.62,179.45,179.56,2045,LH
2020-06-03 13:35:00,179.48,179.58,179.11,179.26,12141,LH
2020-06-03 13:40:00,179.38,179.56,179.36,179.56,1977,LH
2020-06-03 13:45:00,179.56,179.83,179.56,179.79,5760,LH
2020-06-03 13:50:00,179.71,179.93,179.71,179.93,2695,LH
2020-06-03 13:55:00,179.94,180.04,179.81,180.04,3346,LH
2020-06-03 14:00:00,180.02,180.66,180.01,180.63,4019,LH
2020-06-03 14:05:00,180.58,180.58,180.32,180.37,2566,LH
2020-06-03 14:10:00,180.46,180.5,180.31,180.36,3473,LH
2020-06-03 14:15:00,180.46,180.51,180.34,180.36,4177,LH
2020-06-03 14:20:00,180.45,180.52,180.4,180.52,3045,LH
2020-06-03 14:25:00,180.49,180.49,180.38,180.39,586,LH
2020-06-03 14:30:00,180.4,180.53,180.15,180.45,6661,LH
2020-06-03 14:35:00,180.38,180.5,180.15,180.24,5738,LH
2020-06-03 14:40:00,180.24,180.34,180.22,180.23,2011,LH
2020-06-03 14:45:00,180.16,180.23,180.11,180.17,3134,LH
2020-06-03 14:50:00,180.17,180.21,180.01,180.12,2561,LH
2020-06-03 14:55:00,180.12,180.24,180.09,180.21,3276,LH
2020-06-03 15:00:00,180.1,180.16,179.97,179.97,3709,LH
2020-06-03 15:05:00,179.97,180.07,179.88,179.92,3424,LH
2020-06-03 15:10:00,179.87,179.87,179.63,179.67,7218,LH
2020-06-03 15:15:00,179.63,179.76,179.35,179.44,9034,LH
2020-06-03 15:20:00,179.42,179.56,179.38,179.54,3898,LH
2020-06-03 15:25:00,179.57,179.83,179.46,179.77,7029,LH
2020-06-03 15:30:00,179.75,179.9,179.71,179.86,5682,LH
2020-06-03 15:35:00,179.85,180.01,179.75,179.96,14305,LH
2020-06-03 15:40:00,179.9,180.07,179.84,179.98,12634,LH
2020-06-03 15:45:00,179.88,179.93,179.6,179.73,21995,LH
2020-06-03 15:50:00,179.74,180.06,179.55,179.68,25724,LH
2020-06-03 15:55:00,179.7,179.71,179.01,179.2,52193,LH
2020-06-03 16:00:00,179.19,179.19,179.19,179.19,0,LH
2020-06-03 16:15:00,179.19,179.19,179.19,179.19,0,LH
2020-06-03 16:55:00,179.19,179.19,179.19,179.19,0,LH
2020-06-04 08:50:00,179.2,179.2,179.2,179.2,0,LH
2020-06-04 09:30:00,179.15,179.63,178.25,179.13,15041,LH
2020-06-04 09:35:00,179.12,179.12,178.01,178.42,8123,LH
2020-06-04 09:40:00,178.25,179.19,178.25,179.17,3056,LH
2020-06-04 09:45:00,179.16,179.43,178.99,179.24,3254,LH
2020-06-04 09:50:00,179.37,179.5,179.2,179.39,3911,LH
2020-06-04 09:55:00,179.4,179.99,179.04,179.79,8702,LH
2020-06-04 10:00:00,180.1,180.48,180.1,180.18,5330,LH
2020-06-04 10:05:00,180.34,180.78,180.29,180.58,3979,LH
2020-06-04 10:10:00,180.81,181.0,180.48,180.99,11810,LH
2020-06-04 10:15:00,181.0,181.47,181.0,181.35,5649,LH
2020-06-04 10:20:00,181.49,181.5,181.2,181.4,17159,LH
2020-06-04 10:25:00,181.43,181.51,181.36,181.49,26779,LH
2020-06-04 10:30:00,181.5,181.5,181.14,181.14,17021,LH
2020-06-04 10:35:00,181.19,181.44,181.14,181.44,10069,LH
2020-06-04 10:40:00,181.5,181.5,181.15,181.39,32864,LH
2020-06-04 10:45:00,181.3,181.5,181.3,181.5,15056,LH
2020-06-04 10:50:00,181.44,182.14,181.43,182.14,29077,LH
2020-06-04 10:55:00,181.94,182.84,181.94,182.42,23108,LH
2020-06-04 11:00:00,182.57,182.6,182.33,182.46,11684,LH
2020-06-04 11:05:00,182.5,182.78,182.47,182.62,37976,LH
2020-06-04 11:10:00,182.78,182.9,182.45,182.77,24831,LH
2020-06-04 11:15:00,182.67,182.99,182.5,182.86,30309,LH
2020-06-04 11:20:00,182.78,183.26,182.73,182.99,11640,LH
2020-06-04 11:25:00,182.75,182.93,181.98,182.1,35474,LH
2020-06-04 11:30:00,182.1,182.94,182.1,182.94,9042,LH
2020-06-04 11:35:00,183.0,183.0,182.74,182.85,3071,LH
2020-06-04 11:40:00,182.99,183.04,182.62,182.68,6524,LH
2020-06-04 11:45:00,182.8,183.01,182.59,182.59,8283,LH
2020-06-04 11:50:00,182.66,183.01,182.6,182.88,8531,LH
2020-06-04 11:55:00,182.88,183.19,182.86,182.98,7121,LH
2020-06-04 12:00:00,182.9,183.01,182.6,182.6,5793,LH
2020-06-04 12:05:00,182.6,182.78,182.48,182.56,4017,LH
2020-06-04 12:10:00,182.57,182.57,182.11,182.19,4981,LH
2020-06-04 12:15:00,182.13,182.41,182.07,182.38,4821,LH
2020-06-04 12:20:00,182.31,182.37,182.1,182.1,4716,LH
2020-06-04 12:25:00,182.01,182.41,181.55,182.4,23109,LH
2020-06-04 12:30:00,182.39,182.85,181.75,182.0,15150,LH
2020-06-04 12:35:00,181.9,182.0,181.71,181.71,4792,LH
2020-06-04 12:40:00,181.67,181.9,181.56,181.71,11189,LH
2020-06-04 12:45:00,181.73,181.88,181.71,181.79,6612,LH
2020-06-04 12:50:00,181.82,181.98,181.77,181.87,6254,LH
2020-06-04 12:55:00,181.97,182.11,181.7,181.73,8403,LH
2020-06-04 13:00:00,181.68,181.95,181.67,181.91,5584,LH
2020-06-04 13:05:00,181.89,182.18,181.8,182.1,3499,LH
2020-06-04 13:10:00,182.1,182.17,182.04,182.04,2932,LH
2020-06-04 13:15:00,181.98,182.03,181.67,181.67,4496,LH
2020-06-04 13:20:00,181.62,181.63,180.9,180.9,6707,LH
2020-06-04 13:25:00,181.02,181.13,180.65,181.13,7100,LH
2020-06-04 13:30:00,181.17,181.21,180.75,181.05,5733,LH
2020-06-04 13:35:00,181.09,181.13,180.81,181.05,4787,LH
2020-06-04 13:40:00,181.24,181.38,181.02,181.34,3123,LH
2020-06-04 13:45:00,181.37,181.44,181.21,181.37,3545,LH
2020-06-04 13:50:00,181.4,181.47,181.34,181.34,1959,LH
2020-06-04 13:55:00,181.4,181.5,181.12,181.21,7018,LH
2020-06-04 14:00:00,181.32,181.34,181.1,181.18,4094,LH
2020-06-04 14:05:00,181.07,181.07,180.82,180.91,3991,LH
2020-06-04 14:10:00,180.94,181.28,180.93,181.28,4779,LH
2020-06-04 14:15:00,181.3,181.47,181.15,181.39,5953,LH
2020-06-04 14:20:00,181.34,181.55,181.33,181.37,11153,LH
2020-06-04 14:25:00,181.37,181.56,181.28,181.56,7667,LH
2020-06-04 14:30:00,181.52,181.52,181.21,181.41,10100,LH
2020-06-04 14:35:00,181.47,181.48,181.35,181.38,2994,LH
2020-06-04 14:40:00,181.51,181.51,181.13,181.25,10035,LH
2020-06-04 14:45:00,181.14,181.4,181.12,181.4,6065,LH
2020-06-04 14:50:00,181.32,181.64,181.3,181.44,7590,LH
2020-06-04 14:55:00,181.48,181.55,180.74,180.98,18259,LH
2020-06-04 15:00:00,181.0,181.35,180.98,181.26,8147,LH
2020-06-04 15:05:00,181.21,181.21,180.46,180.47,4045,LH
2020-06-04 15:10:00,180.55,180.57,179.77,179.8,131782,LH
2020-06-04 15:15:00,179.63,180.05,179.49,180.03,6359,LH
2020-06-04 15:20:00,179.92,180.07,179.7,179.7,5246,LH
2020-06-04 15:25:00,179.74,179.9,179.74,179.76,6191,LH
2020-06-04 15:30:00,179.77,180.32,179.54,180.13,14561,LH
2020-06-04 15:35:00,180.11,180.11,179.63,179.64,12432,LH
2020-06-04 15:40:00,179.61,179.92,179.56,179.77,13265,LH
2020-06-04 15:45:00,179.74,179.84,179.34,179.54,14831,LH
2020-06-04 15:50:00,179.61,180.2,179.5,180.2,22836,LH
2020-06-04 15:55:00,180.15,180.72,180.15,180.64,37387,LH
2020-06-04 16:00:00,180.64,180.64,180.64,180.64,0,LH
2020-06-04 16:15:00,180.64,180.64,180.64,180.64,0,LH
2020-06-04 17:15:00,180.64,180.64,180.64,180.64,0,LH
2020-06-05 09:10:00,182.0,182.0,182.0,182.0,0,LH
2020-06-05 09:30:00,183.86,185.5,182.75,184.9,23890,LH
2020-06-05 09:35:00,185.19,185.65,185.0,185.57,8313,LH
2020-06-05 09:40:00,185.46,185.82,185.18,185.48,3714,LH
2020-06-05 09:45:00,185.51,185.51,184.77,185.29,5431,LH
2020-06-05 09:50:00,185.14,185.14,184.86,185.0,6969,LH
2020-06-05 09:55:00,184.86,184.92,183.92,184.18,8166,LH
2020-06-05 10:00:00,184.32,185.03,184.19,184.94,12408,LH
2020-06-05 10:05:00,185.0,185.04,184.49,184.61,6790,LH
2020-06-05 10:10:00,184.62,184.68,184.27,184.68,4759,LH
2020-06-05 10:15:00,184.55,184.63,184.12,184.61,4257,LH
2020-06-05 10:20:00,184.65,184.76,184.29,184.73,4310,LH
2020-06-05 10:25:00,184.73,184.73,184.1,184.26,4393,LH
2020-06-05 10:30:00,184.29,184.3,183.89,184.01,4279,LH
2020-06-05 10:35:00,183.58,183.82,183.51,183.51,8974,LH
2020-06-05 10:40:00,183.57,183.59,183.02,183.05,9698,LH
2020-06-05 10:45:00,183.04,183.22,182.87,182.87,16252,LH
2020-06-05 10:50:00,182.81,183.0,182.62,182.78,5944,LH
2020-06-05 10:55:00,182.6,183.0,182.56,182.93,5877,LH
2020-06-05 11:00:00,182.95,183.3,182.91,183.29,5306,LH
2020-06-05 11:05:00,183.39,183.44,183.09,183.14,5120,LH
2020-06-05 11:10:00,183.12,183.42,183.02,183.11,4769,LH
2020-06-05 11:15:00,183.04,183.47,182.94,183.38,7948,LH
2020-06-05 11:20:00,183.38,183.89,183.2,183.45,24083,LH
2020-06-05 11:25:00,183.49,183.5,182.88,183.01,4526,LH
2020-06-05 11:30:00,183.02,183.5,182.7,183.01,12703,LH
2020-06-05 11:35:00,182.92,183.01,182.41,182.61,6426,LH
2020-06-05 11:40:00,182.46,182.46,182.2,182.37,5850,LH
2020-06-05 11:45:00,182.33,182.33,182.11,182.3,5714,LH
2020-06-05 11:50:00,182.34,182.82,182.24,182.8,3080,LH
2020-06-05 11:55:00,182.78,182.86,182.52,182.52,3278,LH
2020-06-05 12:00:00,182.6,182.89,182.6,182.72,3572,LH
2020-06-05 12:05:00,182.83,182.92,182.71,182.87,3090,LH
2020-06-05 12:10:00,182.79,182.89,182.65,182.65,2461,LH
2020-06-05 12:15:00,182.63,182.63,182.21,182.23,5217,LH
2020-06-05 12:20:00,182.35,182.48,182.34,182.42,2186,LH
2020-06-05 12:25:00,182.59,182.67,182.42,182.62,8184,LH
2020-06-05 12:30:00,182.59,182.84,182.58,182.74,2832,LH
2020-06-05 12:35:00,182.7,182.73,182.62,182.71,1521,LH
2020-06-05 12:40:00,182.65,182.76,182.44,182.44,4143,LH
2020-06-05 12:45:00,182.55,182.9,182.55,182.85,5301,LH
2020-06-05 12:50:00,182.81,182.88,182.75,182.88,3000,LH
2020-06-05 12:55:00,182.92,182.92,182.8,182.87,2309,LH
2020-06-05 13:00:00,182.85,182.94,182.69,182.75,4475,LH
2020-06-05 13:05:00,182.7,182.76,182.61,182.69,5355,LH
2020-06-05 13:10:00,182.6,182.82,182.6,182.82,2359,LH
2020-06-05 13:15:00,182.69,182.84,182.68,182.7,3884,LH
2020-06-05 13:20:00,182.69,182.85,182.64,182.85,3616,LH
2020-06-05 13:25:00,182.84,182.89,182.74,182.89,4524,LH
2020-06-05 13:30:00,182.88,182.91,182.67,182.81,3854,LH
2020-06-05 13:35:00,182.68,182.86,182.66,182.78,3092,LH
2020-06-05 13:40:00,182.72,182.86,182.68,182.77,3826,LH
2020-06-05 13:45:00,182.77,182.95,182.77,182.81,3709,LH
2020-06-05 13:50:00,182.78,182.9,182.75,182.75,2804,LH
2020-06-05 13:55:00,182.63,182.9,182.61,182.78,2739,LH
2020-06-05 14:00:00,182.76,182.94,182.69,182.75,9228,LH
2020-06-05 14:05:00,182.73,182.73,182.45,182.57,3504,LH
2020-06-05 14:10:00,182.58,182.69,182.45,182.46,3023,LH
2020-06-05 14:15:00,182.36,182.4,182.19,182.23,4461,LH
2020-06-05 14:20:00,182.19,182.22,182.0,182.12,5129,LH
2020-06-05 14:25:00,182.08,182.19,181.95,182.09,3861,LH
2020-06-05 14:30:00,182.26,182.4,182.01,182.1,7050,LH
2020-06-05 14:35:00,182.05,182.15,181.6,181.9,8467,LH
2020-06-05 14:40:00,182.08,182.14,181.78,181.95,5979,LH
2020-06-05 14:45:00,181.86,181.86,181.61,181.61,2600,LH
2020-06-05 14:50:00,181.63,181.64,181.2,181.21,6265,LH
2020-06-05 14:55:00,181.24,181.24,180.65,180.85,10327,LH
2020-06-05 15:00:00,180.82,180.97,180.6,180.62,10392,LH
2020-06-05 15:05:00,180.53,180.6,180.18,180.3,10997,LH
2020-06-05 15:10:00,180.35,180.35,179.92,180.05,9142,LH
2020-06-05 15:15:00,180.04,180.06,179.68,179.87,11352,LH
2020-06-05 15:20:00,179.82,180.12,179.79,179.85,5969,LH
2020-06-05 15:25:00,179.87,180.39,179.87,180.32,8920,LH
2020-06-05 15:30:00,180.23,180.51,180.05,180.05,8887,LH
2020-06-05 15:35:00,180.12,180.39,180.06,180.29,9363,LH
2020-06-05 15:40:00,180.37,180.37,179.73,179.93,20105,LH
2020-06-05 15:45:00,179.87,179.89,179.17,179.22,22776,LH
2020-06-05 15:50:00,179.21,180.08,179.11,180.08,30272,LH
2020-06-05 15:55:00,179.95,180.16,179.55,179.93,48610,LH
2020-06-05 16:00:00,179.93,179.93,179.74,179.74,64420,LH
2020-06-05 16:15:00,179.74,179.74,179.74,179.74,0,LH
2020-06-05 17:05:00,179.74,179.74,179.74,179.74,0,LH
2020-06-08 08:15:00,180.0,180.0,180.0,180.0,0,LH
2020-06-08 08:35:00,180.0,180.0,180.0,180.0,0,LH
2020-06-08 09:30:00,179.7,182.46,179.23,182.29,28311,LH
2020-06-08 09:35:00,182.34,183.64,182.34,183.09,33323,LH
2020-06-08 09:40:00,183.13,183.45,182.87,182.97,6858,LH
2020-06-08 09:45:00,182.6,183.25,182.45,183.01,12039,LH
2020-06-08 09:50:00,183.02,183.02,182.33,182.94,9622,LH
2020-06-08 09:55:00,183.0,183.0,182.76,182.86,20094,LH
2020-06-08 10:00:00,182.96,184.55,182.96,184.41,12389,LH
2020-06-08 10:05:00,184.41,184.42,183.95,183.95,8188,LH
2020-06-08 10:10:00,183.94,183.94,182.69,182.77,14869,LH
2020-06-08 10:15:00,182.79,183.16,182.78,183.0,4401,LH
2020-06-08 10:20:00,183.01,183.13,182.79,183.13,4581,LH
2020-06-08 10:25:00,183.35,183.35,182.3,182.44,6996,LH
2020-06-08 10:30:00,182.3,182.37,182.3,182.37,1127,LH
2020-06-08 10:35:00,182.2,182.24,181.74,181.86,7194,LH
2020-06-08 10:40:00,181.79,181.88,181.49,181.54,6245,LH
2020-06-08 10:45:00,181.67,181.82,181.67,181.79,3155,LH
2020-06-08 10:50:00,181.86,181.97,181.26,181.49,10736,LH
2020-06-08 10:55:00,181.52,181.72,181.49,181.5,13915,LH
2020-06-08 11:00:00,181.43,181.44,180.91,181.02,4954,LH
2020-06-08 11:05:00,180.85,180.89,180.53,180.7,7528,LH
2020-06-08 11:10:00,180.64,181.27,180.62,181.17,4978,LH
2020-06-08 11:15:00,181.14,181.55,181.14,181.24,4150,LH
2020-06-08 11:20:00,181.25,181.5,181.14,181.14,3025,LH
2020-06-08 11:25:00,181.04,181.05,180.8,180.9,3238,LH
2020-06-08 11:30:00,180.88,181.05,180.78,180.96,4049,LH
2020-06-08 11:35:00,180.81,180.81,180.4,180.4,1794,LH
2020-06-08 11:40:00,180.48,180.66,180.39,180.53,4321,LH
2020-06-08 11:45:00,180.53,180.62,180.44,180.62,2030,LH
2020-06-08 11:50:00,180.6,181.14,180.6,180.73,3697,LH
2020-06-08 11:55:00,180.82,180.82,180.64,180.73,3467,LH
2020-06-08 12:00:00,180.71,180.75,180.35,180.35,4691,LH
2020-06-08 12:05:00,180.4,180.56,180.33,180.56,4149,LH
2020-06-08 12:10:00,180.58,180.58,179.91,179.91,4179,LH
2020-06-08 12:15:00,180.01,180.3,180.01,180.3,6648,LH
2020-06-08 12:20:00,180.34,180.34,179.73,179.73,8867,LH
2020-06-08 12:25:00,179.9,179.95,179.81,179.84,6061,LH
2020-06-08 12:30:00,179.9,180.87,179.9,180.87,6339,LH
2020-06-08 12:35:00,180.99,181.35,180.92,180.94,3403,LH
2020-06-08 12:40:00,181.1,181.1,180.68,180.68,3306,LH
2020-06-08 12:45:00,180.73,180.81,180.6,180.7,6218,LH
2020-06-08 12:50:00,180.72,180.95,180.72,180.87,1179,LH
2020-06-08 12:55:00,180.87,180.95,180.74,180.76,3172,LH
2020-06-08 13:00:00,180.76,181.05,180.71,181.0,4568,LH
2020-06-08 13:05:00,181.04,181.35,181.04,181.25,1388,LH
2020-06-08 13:10:00,181.3,181.43,181.23,181.43,2940,LH
2020-06-08 13:15:00,181.42,181.42,181.01,181.01,4103,LH
2020-06-08 13:20:00,181.05,181.06,180.78,180.85,5128,LH
2020-06-08 13:25:00,180.79,180.82,180.59,180.82,3790,LH
2020-06-08 13:30:00,180.82,180.94,180.51,180.81,7508,LH
2020-06-08 13:35:00,180.74,181.15,180.66,181.1,5552,LH
2020-06-08 13:40:00,181.03,181.2,180.87,181.18,4067,LH
2020-06-08 13:45:00,181.07,181.08,180.77,180.98,5511,LH
2020-06-08 13:50:00,181.07,181.07,180.87,180.95,2127,LH
2020-06-08 13:55:00,180.94,181.0,180.67,180.84,7703,LH
2020-06-08 14:00:00,180.81,180.88,180.62,180.88,4273,LH
2020-06-08 14:05:00,180.89,180.9,180.73,180.81,4881,LH
2020-06-08 14:10:00,180.83,181.01,180.76,181.01,3115,LH
2020-06-08 14:15:00,181.01,181.12,180.9,180.9,4397,LH
2020-06-08 14:20:00,180.96,181.1,180.84,180.84,4294,LH
2020-06-08 14:25:00,180.9,181.22,180.84,181.16,7787,LH
2020-06-08 14:30:00,181.15,181.15,180.88,181.04,6950,LH
2020-06-08 14:35:00,181.06,181.17,181.04,181.17,4393,LH
2020-06-08 14:40:00,181.14,181.34,181.08,181.3,13482,LH
2020-06-08 14:45:00,181.29,181.59,181.21,181.55,7230,LH
2020-06-08 14:50:00,181.48,181.48,181.39,181.48,2116,LH
2020-06-08 14:55:00,181.4,181.7,181.33,181.62,3858,LH
2020-06-08 15:00:00,181.51,181.58,181.3,181.3,5067,LH
2020-06-08 15:05:00,181.29,181.32,181.12,181.31,4405,LH
2020-06-08 15:10:00,181.22,181.33,181.17,181.3,5215,LH
2020-06-08 15:15:00,181.23,181.4,181.23,181.4,7590,LH
2020-06-08 15:20:00,181.44,181.52,181.27,181.51,12910,LH
2020-06-08 15:25:00,181.39,181.48,181.25,181.39,8285,LH
2020-06-08 15:30:00,181.46,181.7,181.39,181.62,9776,LH
2020-06-08 15:35:00,181.61,181.88,181.56,181.82,7933,LH
2020-06-08 15:40:00,181.83,182.17,181.83,182.12,10710,LH
2020-06-08 15:45:00,182.15,182.24,182.02,182.05,14356,LH
2020-06-08 15:50:00,182.3,182.63,182.01,182.21,22846,LH
2020-06-08 15:55:00,182.17,182.48,181.93,182.44,47616,LH
2020-06-08 16:00:00,182.44,182.44,182.44,182.44,0,LH
2020-06-08 16:15:00,182.44,182.44,182.44,182.44,0,LH
2020-06-08 16:30:00,182.44,182.44,182.44,182.44,0,LH
2020-06-09 09:30:00,182.0,182.65,181.05,182.55,22233,LH
2020-06-09 09:35:00,182.54,183.57,182.45,182.93,15514,LH
2020-06-09 09:40:00,182.96,183.43,182.95,183.43,3675,LH
2020-06-09 09:45:00,183.16,183.23,182.5,182.52,31128,LH
2020-06-09 09:50:00,182.65,182.98,182.26,182.3,13537,LH
2020-06-09 09:55:00,182.46,182.57,181.72,181.81,8416,LH
2020-06-09 10:00:00,181.84,181.88,180.93,181.04,7881,LH
2020-06-09 10:05:00,181.04,181.11,180.66,180.66,6563,LH
2020-06-09 10:10:00,180.76,180.97,180.59,180.59,4742,LH
2020-06-09 10:15:00,180.73,181.15,180.58,181.07,16137,LH
2020-06-09 10:20:00,181.08,181.52,180.99,181.52,2532,LH
2020-06-09 10:25:00,181.35,181.59,181.2,181.4,10467,LH
2020-06-09 10:30:00,181.47,181.47,180.46,180.46,3244,LH
2020-06-09 10:35:00,180.33,180.49,180.32,180.44,2064,LH
2020-06-09 10:40:00,180.4,180.95,180.4,180.94,9608,LH
2020-06-09 10:45:00,180.92,181.54,180.92,181.36,2062,LH
2020-06-09 10:50:00,181.76,182.24,181.62,182.17,3576,LH
2020-06-09 10:55:00,182.06,182.15,181.23,181.25,5049,LH
2020-06-09 11:00:00,181.42,181.65,181.2,181.65,2957,LH
2020-06-09 11:05:00,181.66,181.99,181.48,181.82,2722,LH
2020-06-09 11:10:00,181.97,182.03,181.63,181.82,2969,LH
2020-06-09 11:15:00,181.89,181.89,181.6,181.75,3570,LH
2020-06-09 11:20:00,181.87,182.2,181.87,182.2,2758,LH
2020-06-09 11:25:00,182.09,182.32,182.09,182.25,4371,LH
2020-06-09 11:30:00,182.3,182.5,182.02,182.02,6334,LH
2020-06-09 11:35:00,182.06,182.06,181.09,181.23,7706,LH
2020-06-09 11:40:00,181.3,181.3,180.79,181.04,4089,LH
2020-06-09 11:45:00,180.96,180.96,180.76,180.82,2928,LH
2020-06-09 11:50:00,180.71,180.8,180.58,180.8,1854,LH
2020-06-09 11:55:00,180.84,180.9,180.64,180.66,5096,LH
2020-06-09 12:00:00,180.57,180.72,180.46,180.46,1139,LH
2020-06-09 12:05:00,180.5,180.98,180.5,180.98,2147,LH
2020-06-09 12:10:00,180.9,180.9,180.68,180.72,2722,LH
2020-06-09 12:15:00,180.79,180.83,180.68,180.76,2003,LH
2020-06-09 12:20:00,180.82,181.0,180.71,180.78,8503,LH
2020-06-09 12:25:00,180.75,180.91,180.75,180.85,1840,LH
2020-06-09 12:30:00,181.24,181.46,181.17,181.28,1715,LH
2020-06-09 12:35:00,181.23,181.47,181.23,181.47,2982,LH
2020-06-09 12:40:00,181.49,181.54,181.29,181.29,4107,LH
2020-06-09 12:45:00,181.24,181.47,181.17,181.33,3514,LH
2020-06-09 12:50:00,181.34,181.36,181.27,181.35,1696,LH
2020-06-09 12:55:00,181.28,181.39,181.13,181.35,2175,LH
2020-06-09 13:00:00,181.47,181.6,181.44,181.53,1674,LH
2020-06-09 13:05:00,181.55,181.55,181.33,181.46,4539,LH
2020-06-09 13:10:00,181.47,181.48,181.19,181.19,1635,LH
2020-06-09 13:15:00,181.28,181.36,181.28,181.36,618,LH
2020-06-09 13:20:00,181.39,181.62,181.35,181.62,3823,LH
2020-06-09 13:25:00,181.55,181.79,181.52,181.69,2389,LH
2020-06-09 13:30:00,181.74,181.86,181.68,181.76,1582,LH
2020-06-09 13:35:00,181.8,182.04,181.78,181.92,3516,LH
2020-06-09 13:40:00,181.92,182.12,181.92,182.05,2201,LH
2020-06-09 13:45:00,181.89,182.01,181.65,181.71,3813,LH
2020-06-09 13:50:00,181.65,181.67,181.56,181.56,1858,LH
2020-06-09 13:55:00,181.5,181.68,181.5,181.67,1052,LH
2020-06-09 14:00:00,181.75,181.8,181.38,181.63,4472,LH
2020-06-09 14:05:00,181.59,181.69,181.51,181.63,3642,LH
2020-06-09 14:10:00,181.58,181.7,181.54,181.65,3524,LH
2020-06-09 14:15:00,181.72,181.75,181.41,181.44,4612,LH
2020-06-09 14:20:00,181.39,181.72,181.36,181.55,4127,LH
2020-06-09 14:25:00,181.57,181.57,181.39,181.39,5757,LH
2020-06-09 14:30:00,181.43,181.53,181.33,181.5,3357,LH
2020-06-09 14:35:00,181.46,181.47,181.23,181.46,4311,LH
2020-06-09 14:40:00,181.5,181.58,181.41,181.53,2464,LH
2020-06-09 14:45:00,181.58,181.63,181.38,181.56,7019,LH
2020-06-09 14:50:00,181.68,181.69,181.26,181.32,4139,LH
2020-06-09 14:55:00,181.38,181.38,181.1,181.16,3761,LH
2020-06-09 15:00:00,181.15,181.15,180.69,180.74,5327,LH
2020-06-09 15:05:00,180.76,181.01,180.74,180.99,4422,LH
2020-06-09 15:10:00,180.93,181.03,180.8,180.9,4603,LH
2020-06-09 15:15:00,180.9,181.02,180.9,180.96,2645,LH
2020-06-09 15:20:00,180.93,181.0,180.69,180.76,4905,LH
2020-06-09 15:25:00,180.72,180.72,180.41,180.51,10298,LH
2020-06-09 15:30:00,180.43,181.16,179.84,179.85,12823,LH
2020-06-09 15:35:00,179.9,180.12,179.8,180.02,13118,LH
2020-06-09 15:40:00,179.99,180.21,179.9,179.94,11774,LH
2020-06-09 15:45:00,179.93,180.07,179.47,179.51,15280,LH
2020-06-09 15:50:00,179.5,179.5,178.58,178.58,31303,LH
2020-06-09 15:55:00,178.76,179.34,178.76,178.94,57850,LH
2020-06-09 16:00:00,178.94,178.95,178.94,178.94,0,LH
2020-06-09 16:15:00,178.94,178.94,178.94,178.94,0,LH
2020-06-10 09:30:00,178.71,179.58,178.71,178.93,6460,LH
2020-06-10 09:35:00,178.18,178.18,177.63,177.67,11083,LH
2020-06-10 09:40:00,177.63,177.63,176.73,176.75,7905,LH
2020-06-10 09:45:00,176.77,176.78,175.88,176.78,7988,LH
2020-06-10 09:50:00,176.6,177.07,176.35,176.9,2729,LH
2020-06-10 09:55:00,176.89,177.35,176.77,177.29,4497,LH
2020-06-10 10:00:00,177.37,177.37,176.55,176.8,6689,LH
2020-06-10 10:05:00,176.62,177.01,176.55,177.01,9407,LH
2020-06-10 10:10:00,176.94,176.94,176.1,176.17,13620,LH
2020-06-10 10:15:00,176.35,176.54,175.73,175.73,9460,LH
2020-06-10 10:20:00,175.87,175.99,175.46,175.71,4172,LH
2020-06-10 10:25:00,175.76,176.18,175.67,176.01,7180,LH
2020-06-10 10:30:00,176.01,176.16,176.0,176.02,4256,LH
2020-06-10 10:35:00,176.0,176.11,176.0,176.09,1567,LH
2020-06-10 10:40:00,176.24,176.25,176.02,176.2,4461,LH
2020-06-10 10:45:00,176.12,176.25,175.7,175.7,6810,LH
2020-06-10 10:50:00,175.73,175.73,174.83,174.97,6033,LH
2020-06-10 10:55:00,174.97,175.09,174.69,175.02,16769,LH
2020-06-10 11:00:00,175.18,175.52,175.04,175.28,4685,LH
2020-06-10 11:05:00,175.37,175.73,175.36,175.59,5135,LH
2020-06-10 11:10:00,175.68,175.68,175.37,175.55,4383,LH
2020-06-10 11:15:00,175.55,175.6,175.42,175.51,2213,LH
2020-06-10 11:20:00,175.6,175.6,175.3,175.39,6403,LH
2020-06-10 11:25:00,175.43,175.66,175.22,175.26,4801,LH
2020-06-10 11:30:00,175.17,175.3,175.07,175.3,3189,LH
2020-06-10 11:35:00,175.03,175.17,174.65,175.17,4291,LH
2020-06-10 11:40:00,175.16,175.53,175.16,175.37,5172,LH
2020-06-10 11:45:00,175.28,175.28,174.91,174.99,4879,LH
2020-06-10 11:50:00,174.92,175.41,174.92,175.41,7718,LH
2020-06-10 11:55:00,175.4,175.48,175.16,175.16,2874,LH
2020-06-10 12:00:00,175.21,175.66,175.16,175.6,7221,LH
2020-06-10 12:05:00,175.66,175.68,175.3,175.4,4009,LH
2020-06-10 12:10:00,175.46,175.89,175.43,175.82,6206,LH
2020-06-10 12:15:00,175.78,176.06,175.74,175.99,4906,LH
2020-06-10 12:20:00,176.02,176.35,176.02,176.35,7794,LH
2020-06-10 12:25:00,176.27,176.27,176.0,176.01,4630,LH
2020-06-10 12:30:00,176.08,176.18,175.83,175.99,4792,LH
2020-06-10 12:35:00,176.2,176.69,176.2,176.63,5609,LH
2020-06-10 12:40:00,176.64,176.8,176.35,176.74,6268,LH
2020-06-10 12:45:00,176.69,176.77,176.5,176.5,3420,LH
2020-06-10 12:50:00,176.57,176.57,176.42,176.51,3569,LH
2020-06-10 12:55:00,176.55,176.69,176.28,176.55,4847,LH
2020-06-10 13:00:00,176.62,176.63,176.4,176.51,3491,LH
2020-06-10 13:05:00,176.56,176.7,176.5,176.55,4608,LH
2020-06-10 13:10:00,176.54,176.62,176.4,176.62,2014,LH
2020-06-10 13:15:00,176.63,176.98,176.63,176.98,3077,LH
2020-06-10 13:20:00,176.79,176.83,176.79,176.82,1402,LH
2020-06-10 13:25:00,176.66,176.82,176.66,176.7,1354,LH
2020-06-10 13:30:00,176.65,176.89,176.65,176.75,2191,LH
2020-06-10 13:35:00,176.86,177.05,176.86,177.02,1928,LH
2020-06-10 13:40:00,176.89,177.12,176.89,176.95,1245,LH
2020-06-10 13:45:00,177.02,177.15,177.02,177.15,869,LH
2020-06-10 13:50:00,177.26,177.26,177.17,177.17,468,LH
2020-06-10 13:55:00,177.08,177.12,176.58,177.06,2244,LH
2020-06-10 14:00:00,177.08,177.44,176.0,177.44,5102,LH
2020-06-10 14:05:00,177.85,178.98,177.85,178.13,8769,LH
2020-06-10 14:10:00,178.16,178.3,178.03,178.3,3158,LH
2020-06-10 14:15:00,178.02,178.58,177.97,178.15,2511,LH
2020-06-10 14:20:00,178.05,178.31,177.59,177.74,5627,LH
2020-06-10 14:25:00,177.73,178.19,177.73,178.11,2705,LH
2020-06-10 14:30:00,178.13,178.13,177.48,177.48,3425,LH
2020-06-10 14:35:00,177.32,177.39,176.59,176.61,3367,LH
2020-06-10 14:40:00,176.73,177.1,176.14,176.94,3650,LH
2020-06-10 14:45:00,177.32,177.44,176.77,176.77,4823,LH
2020-06-10 14:50:00,176.38,176.57,176.0,176.41,4196,LH
2020-06-10 14:55:00,176.11,176.73,176.11,176.52,5971,LH
2020-06-10 15:00:00,176.54,176.62,176.15,176.3,5480,LH
2020-06-10 15:05:00,176.45,176.98,176.36,176.9,7357,LH
2020-06-10 15:10:00,176.81,176.95,176.61,176.72,7279,LH
2020-06-10 15:15:00,176.66,176.87,176.24,176.59,7902,LH
2020-06-10 15:20:00,176.63,176.63,176.3,176.42,4837,LH
2020-06-10 15:25:00,176.47,177.0,176.2,176.99,21565,LH
2020-06-10 15:30:00,177.16,177.19,176.7,176.71,8149,LH
2020-06-10 15:35:00,176.65,176.71,176.2,176.48,10677,LH
2020-06-10 15:40:00,176.47,176.54,176.27,176.36,12242,LH
2020-06-10 15:45:00,176.34,176.4,175.67,175.94,13202,LH
2020-06-10 15:50:00,175.71,176.03,175.43,175.82,28793,LH
2020-06-10 15:55:00,175.77,175.83,175.04,175.13,46014,LH
2020-06-10 16:00:00,175.1,175.1,175.1,175.1,0,LH
2020-06-10 16:15:00,175.1,176.03,175.1,176.03,0,LH
2020-06-10 16:25:00,175.1,175.1,175.1,175.1,0,LH
2020-06-10 16:30:00,176.2,176.2,176.2,176.2,0,LH
2020-06-10 18:35:00,175.1,175.1,175.1,175.1,0,LH
2020-06-10 19:05:00,175.0,175.0,175.0,175.0,0,LH
2020-06-10 19:35:00,175.0,175.0,175.0,175.0,0,LH
2020-06-11 07:15:00,173.0,173.0,173.0,173.0,0,LH
2020-06-11 07:50:00,170.3,170.3,170.3,170.3,0,LH
2020-06-11 07:55:00,168.02,168.02,168.02,168.02,0,LH
2020-06-11 08:15:00,168.25,168.25,168.0,168.0,0,LH
2020-06-11 09:30:00,170.19,170.26,168.21,168.21,19702,LH
2020-06-11 09:35:00,169.77,170.03,169.3,169.67,30968,LH
2020-06-11 09:40:00,169.66,169.81,169.19,169.71,10197,LH
2020-06-11 09:45:00,169.9,170.9,169.9,170.32,7131,LH
2020-06-11 09:50:00,170.36,170.42,169.91,170.25,6112,LH
2020-06-11 09:55:00,170.02,170.02,169.41,169.5,6753,LH
2020-06-11 10:00:00,169.37,169.96,167.84,167.84,11741,LH
2020-06-11 10:05:00,167.8,168.32,167.63,168.09,20001,LH
2020-06-11 10:10:00,168.05,168.5,167.91,168.13,11644,LH
2020-06-11 10:15:00,168.04,168.33,167.84,168.13,31952,LH
2020-06-11 10:20:00,168.14,168.42,168.01,168.01,5876,LH
2020-06-11 10:25:00,168.1,168.1,167.19,167.32,8297,LH
2020-06-11 10:30:00,167.2,167.52,167.1,167.38,8714,LH
2020-06-11 10:35:00,167.13,167.75,166.69,167.57,13905,LH
2020-06-11 10:40:00,167.57,167.57,167.07,167.07,6323,LH
2020-06-11 10:45:00,167.04,167.05,166.36,166.4,10184,LH
2020-06-11 10:50:00,166.33,166.86,166.29,166.75,8792,LH
2020-06-11 10:55:00,166.69,166.7,166.43,166.57,8575,LH
2020-06-11 11:00:00,166.59,166.85,166.32,166.85,10604,LH
2020-06-11 11:05:00,166.85,167.32,166.85,166.93,11791,LH
2020-06-11 11:10:00,166.87,167.06,166.77,166.77,6729,LH
2020-06-11 11:15:00,166.88,167.75,166.88,167.75,4974,LH
2020-06-11 11:20:00,167.73,167.87,167.37,167.43,4233,LH
2020-06-11 11:25:00,167.34,167.55,167.2,167.24,4912,LH
2020-06-11 11:30:00,167.32,167.32,166.87,167.1,6341,LH
2020-06-11 11:35:00,167.06,167.06,166.79,166.88,4625,LH
2020-06-11 11:40:00,166.77,166.88,166.5,166.88,5595,LH
2020-06-11 11:45:00,166.9,166.95,166.34,166.48,5530,LH
2020-06-11 11:50:00,166.38,167.0,166.26,166.84,13345,LH
2020-06-11 11:55:00,166.72,167.12,166.72,166.77,2502,LH
2020-06-11 12:00:00,167.01,167.23,166.72,166.88,3828,LH
2020-06-11 12:05:00,166.88,166.92,166.29,166.35,6084,LH
2020-06-11 12:10:00,166.41,166.57,166.41,166.48,2678,LH
2020-06-11 12:15:00,166.44,166.44,166.02,166.17,11589,LH
2020-06-11 12:20:00,166.3,166.48,166.19,166.45,4168,LH
2020-06-11 12:25:00,166.19,166.49,166.14,166.33,11200,LH
2020-06-11 12:30:00,166.38,167.57,166.38,167.32,5524,LH
2020-06-11 12:35:00,167.22,167.37,166.87,166.87,4910,LH
2020-06-11 12:40:00,166.92,167.09,166.49,166.57,7196,LH
2020-06-11 12:45:00,166.61,167.0,166.24,166.3,8413,LH
2020-06-11 12:50:00,166.32,166.32,165.52,165.52,13346,LH
2020-06-11 12:55:00,165.44,166.12,165.44,165.87,2534,LH
2020-06-11 13:00:00,165.9,166.29,165.9,166.03,10442,LH
2020-06-11 13:05:00,166.01,166.14,165.72,165.72,5956,LH
2020-06-11 13:10:00,165.63,166.27,165.5,166.21,6171,LH
2020-06-11 13:15:00,166.06,166.4,166.06,166.13,5410,LH
2020-06-11 13:20:00,166.22,166.29,165.95,165.95,4206,LH
2020-06-11 13:25:00,165.91,166.05,165.65,165.84,6467,LH
2020-06-11 13:30:00,165.82,166.21,165.71,166.07,4238,LH
2020-06-11 13:35:00,165.93,165.93,165.38,165.38,7555,LH
2020-06-11 13:40:00,165.35,165.39,165.08,165.13,6615,LH
2020-06-11 13:45:00,165.21,165.22,164.74,165.01,7441,LH
2020-06-11 13:50:00,164.99,165.38,164.89,165.38,6918,LH
2020-06-11 13:55:00,165.55,165.88,165.41,165.64,5883,LH
2020-06-11 14:00:00,165.62,165.74,165.3,165.58,13980,LH
2020-06-11 14:05:00,165.62,166.12,165.57,165.88,7426,LH
2020-06-11 14:10:00,165.85,166.06,165.59,165.74,7780,LH
2020-06-11 14:15:00,165.81,166.09,165.59,165.61,6480,LH
2020-06-11 14:20:00,165.57,165.85,165.46,165.81,4624,LH
2020-06-11 14:25:00,165.96,166.18,165.9,166.11,2966,LH
2020-06-11 14:30:00,166.02,166.05,165.35,165.48,7209,LH
2020-06-11 14:35:00,165.52,165.71,165.33,165.51,6000,LH
2020-06-11 14:40:00,165.46,165.67,165.27,165.46,8018,LH
2020-06-11 14:45:00,165.45,165.85,165.38,165.38,7797,LH
2020-06-11 14:50:00,165.48,165.6,164.53,164.61,8072,LH
2020-06-11 14:55:00,164.5,164.95,164.38,164.5,10656,LH
2020-06-11 15:00:00,164.43,164.69,164.25,164.69,9641,LH
2020-06-11 15:05:00,164.74,165.28,164.64,165.16,10324,LH
2020-06-11 15:10:00,165.14,165.44,164.78,164.78,7683,LH
2020-06-11 15:15:00,164.64,164.97,164.33,164.96,15782,LH
2020-06-11 15:20:00,164.91,164.91,164.37,164.37,7609,LH
2020-06-11 15:25:00,164.36,164.42,163.4,164.18,28552,LH
2020-06-11 15:30:00,163.95,164.37,163.72,164.09,18281,LH
2020-06-11 15:35:00,163.92,164.2,163.54,163.76,21439,LH
2020-06-11 15:40:00,163.68,164.88,163.61,164.88,28739,LH
2020-06-11 15:45:00,164.83,164.86,164.01,164.5,37968,LH
2020-06-11 15:50:00,164.48,164.51,163.8,164.0,50111,LH
2020-06-11 15:55:00,164.06,164.24,163.5,163.55,85035,LH
2020-06-11 16:00:00,163.55,163.55,163.55,163.55,0,LH
2020-06-11 16:15:00,163.55,163.55,163.55,163.55,0,LH
2020-06-11 16:20:00,166.32,166.32,163.55,163.55,0,LH
2020-06-11 17:00:00,163.55,163.55,163.55,163.55,0,LH
2020-06-12 09:30:00,170.17,170.17,170.01,170.01,11370,LH
2020-06-12 09:35:00,168.85,169.37,168.44,169.37,14595,LH
2020-06-12 09:40:00,168.99,169.55,168.97,169.26,6680,LH
2020-06-12 09:45:00,169.0,169.23,168.55,168.76,7776,LH
2020-06-12 09:50:00,168.76,169.1,168.01,168.01,7342,LH
2020-06-12 09:55:00,167.73,167.89,167.47,167.79,5336,LH
2020-06-12 10:00:00,167.88,168.94,167.88,168.58,6550,LH
2020-06-12 10:05:00,168.59,168.65,167.94,167.94,8100,LH
2020-06-12 10:10:00,168.02,168.21,167.68,167.68,7699,LH
2020-06-12 10:15:00,167.77,168.36,167.66,167.66,5607,LH
2020-06-12 10:20:00,167.8,167.93,167.67,167.67,1953,LH
2020-06-12 10:25:00,167.47,167.66,166.87,166.87,5186,LH
2020-06-12 10:30:00,167.1,167.35,167.02,167.14,3426,LH
2020-06-12 10:35:00,167.0,167.0,165.92,166.01,6011,LH
2020-06-12 10:40:00,166.04,166.37,165.88,166.19,8819,LH
2020-06-12 10:45:00,165.89,166.17,165.57,165.87,10942,LH
2020-06-12 10:50:00,165.71,165.71,164.52,164.75,9385,LH
2020-06-12 10:55:00,164.53,164.85,163.81,163.91,9950,LH
2020-06-12 11:00:00,163.92,164.16,162.57,162.57,13232,LH
2020-06-12 11:05:00,162.54,164.42,162.54,164.29,9586,LH
2020-06-12 11:10:00,164.21,164.21,163.37,163.45,4339,LH
2020-06-12 11:15:00,163.54,163.68,162.75,162.82,3478,LH
2020-06-12 11:20:00,162.88,163.42,162.69,162.69,8749,LH
2020-06-12 11:25:00,163.23,164.32,163.1,164.15,3655,LH
2020-06-12 11:30:00,164.51,165.11,164.46,165.11,6009,LH
2020-06-12 11:35:00,165.17,166.22,165.02,166.13,8978,LH
2020-06-12 11:40:00,166.02,166.36,165.75,165.75,6255,LH
2020-06-12 11:45:00,165.85,166.46,165.71,166.12,5430,LH
2020-06-12 11:50:00,166.06,166.3,165.66,166.3,4514,LH
2020-06-12 11:55:00,166.22,167.0,166.22,166.93,4347,LH
2020-06-12 12:00:00,166.9,167.03,166.63,167.03,4098,LH
2020-06-12 12:05:00,167.03,167.3,166.92,167.3,3240,LH
2020-06-12 12:10:00,167.1,167.1,166.7,166.96,2083,LH
2020-06-12 12:15:00,166.73,166.88,166.71,166.82,1385,LH
2020-06-12 12:20:00,167.02,167.02,165.99,165.99,2541,LH
2020-06-12 12:25:00,165.91,166.45,165.68,166.45,4137,LH
2020-06-12 12:30:00,166.21,166.21,165.6,165.61,3795,LH
2020-06-12 12:35:00,165.62,165.89,165.58,165.7,1968,LH
2020-06-12 12:40:00,165.65,165.99,165.61,165.61,1744,LH
2020-06-12 12:45:00,165.51,165.51,165.04,165.11,4440,LH
2020-06-12 12:50:00,165.29,165.84,165.29,165.83,1869,LH
2020-06-12 12:55:00,165.91,166.13,165.63,165.64,5775,LH
2020-06-12 13:00:00,165.77,165.85,165.26,165.26,6450,LH
2020-06-12 13:05:00,165.29,165.41,165.22,165.35,3743,LH
2020-06-12 13:10:00,165.34,165.41,165.18,165.32,2281,LH
2020-06-12 13:15:00,165.26,165.28,164.93,165.17,6927,LH
2020-06-12 13:20:00,165.11,165.37,164.61,164.71,5959,LH
2020-06-12 13:25:00,164.75,165.08,164.66,164.74,5202,LH
2020-06-12 13:30:00,164.73,164.97,164.3,164.32,3801,LH
2020-06-12 13:35:00,164.15,164.46,163.77,163.93,5090,LH
2020-06-12 13:40:00,164.04,164.36,163.74,164.06,4421,LH
2020-06-12 13:45:00,163.79,163.79,163.18,163.27,3261,LH
2020-06-12 13:50:00,163.29,163.4,162.88,163.18,5689,LH
2020-06-12 13:55:00,163.24,163.93,162.78,162.78,5952,LH
2020-06-12 14:00:00,162.81,163.8,162.67,163.4,4978,LH
2020-06-12 14:05:00,163.3,163.3,162.89,163.03,4119,LH
2020-06-12 14:10:00,163.31,164.16,163.3,164.16,4587,LH
2020-06-12 14:15:00,164.6,164.6,164.08,164.2,4388,LH
2020-06-12 14:20:00,164.1,164.52,164.1,164.43,3155,LH
2020-06-12 14:25:00,164.55,165.24,164.43,164.98,4268,LH
2020-06-12 14:30:00,164.98,165.65,164.98,165.6,8006,LH
2020-06-12 14:35:00,165.54,165.54,165.05,165.11,4110,LH
2020-06-12 14:40:00,165.1,165.31,164.49,164.74,5966,LH
2020-06-12 14:45:00,164.83,165.38,164.83,165.01,3284,LH
2020-06-12 14:50:00,164.91,165.2,164.59,165.2,5355,LH
2020-06-12 14:55:00,165.37,165.47,164.84,165.27,5698,LH
2020-06-12 15:00:00,165.43,166.1,165.43,165.72,10974,LH
2020-06-12 15:05:00,165.75,166.01,165.57,165.88,5794,LH
2020-06-12 15:10:00,165.88,166.24,165.79,166.06,23725,LH
2020-06-12 15:15:00,166.18,166.18,165.4,165.48,5705,LH
2020-06-12 15:20:00,165.53,165.77,165.33,165.35,15212,LH
2020-06-12 15:25:00,165.41,165.74,165.17,165.52,11292,LH
2020-06-12 15:30:00,165.59,165.92,165.1,165.92,13907,LH
2020-06-12 15:35:00,166.12,166.34,165.53,166.08,17296,LH
2020-06-12 15:40:00,166.08,166.34,165.97,166.27,17250,LH
2020-06-12 15:45:00,166.42,167.29,166.37,167.24,20859,LH
2020-06-12 15:50:00,167.37,167.46,166.63,167.28,44849,LH
2020-06-12 15:55:00,167.37,167.91,167.16,167.73,72508,LH
2020-06-12 16:00:00,167.73,167.73,167.73,167.73,109771,LH
2020-06-12 16:15:00,167.73,167.73,167.73,167.73,0,LH
2020-06-12 16:20:00,167.73,167.73,167.0,167.0,0,LH
2020-06-12 16:25:00,167.73,167.73,167.73,167.73,0,LH
2020-06-12 17:20:00,167.73,167.73,167.73,167.73,0,LH
2020-06-15 09:30:00,163.06,163.64,162.53,163.28,21452,LH
2020-06-15 09:35:00,163.92,164.85,163.88,164.64,6761,LH
2020-06-15 09:40:00,165.05,165.05,164.09,164.25,2153,LH
2020-06-15 09:45:00,164.3,164.3,163.74,164.11,4142,LH
2020-06-15 09:50:00,164.22,165.55,164.22,165.5,4290,LH
2020-06-15 09:55:00,165.19,165.43,164.5,164.59,4924,LH
2020-06-15 10:00:00,164.62,165.51,164.56,165.51,7320,LH
2020-06-15 10:05:00,165.43,165.85,165.43,165.74,2957,LH
2020-06-15 10:10:00,165.52,165.81,165.47,165.53,3679,LH
2020-06-15 10:15:00,165.37,165.61,165.21,165.61,5131,LH
2020-06-15 10:20:00,165.61,165.66,165.09,165.09,9800,LH
2020-06-15 10:25:00,165.13,165.21,164.56,164.56,2759,LH
2020-06-15 10:30:00,164.35,164.42,163.91,164.19,4688,LH
2020-06-15 10:35:00,164.53,164.84,164.35,164.41,4365,LH
2020-06-15 10:40:00,164.05,164.55,164.05,164.55,5112,LH
2020-06-15 10:45:00,164.79,165.55,164.79,165.46,11964,LH
2020-06-15 10:50:00,165.51,166.04,165.36,165.68,8118,LH
2020-06-15 10:55:00,165.53,165.54,165.04,165.04,3696,LH
2020-06-15 11:00:00,165.22,166.13,165.05,166.13,3180,LH
2020-06-15 11:05:00,165.94,166.41,165.9,166.38,2607,LH
2020-06-15 11:10:00,166.42,166.54,166.19,166.41,1381,LH
2020-06-15 11:15:00,166.27,166.3,165.85,166.11,3967,LH
2020-06-15 11:20:00,166.08,166.35,165.83,166.32,7650,LH
2020-06-15 11:25:00,166.02,166.44,165.9,166.12,1871,LH
2020-06-15 11:30:00,166.27,166.53,165.83,166.03,2747,LH
2020-06-15 11:35:00,166.14,166.35,165.86,166.33,3278,LH
2020-06-15 11:40:00,166.46,166.46,165.87,165.87,1849,LH
2020-06-15 11:45:00,165.65,165.85,165.22,165.85,5580,LH
2020-06-15 11:50:00,165.91,166.19,165.78,165.91,4516,LH
2020-06-15 11:55:00,165.93,166.56,165.93,166.56,2225,LH
2020-06-15 12:00:00,166.56,167.02,166.56,166.99,2553,LH
2020-06-15 12:05:00,166.82,167.79,166.82,167.77,9154,LH
2020-06-15 12:10:00,167.74,167.96,167.73,167.75,2281,LH
2020-06-15 12:15:00,167.87,168.09,167.79,168.09,2955,LH
2020-06-15 12:20:00,168.08,168.52,168.02,168.43,3341,LH
2020-06-15 12:25:00,168.24,168.34,168.04,168.04,2227,LH
2020-06-15 12:30:00,168.19,168.19,167.72,167.8,5467,LH
2020-06-15 12:35:00,167.85,168.22,167.85,168.22,2212,LH
2020-06-15 12:40:00,168.16,168.21,168.1,168.1,1955,LH
2020-06-15 12:45:00,168.12,168.53,168.11,168.53,1233,LH
2020-06-15 12:50:00,168.53,168.53,168.24,168.51,3213,LH
2020-06-15 12:55:00,168.41,168.54,168.2,168.5,6897,LH
2020-06-15 13:00:00,168.52,168.8,168.34,168.8,14559,LH
2020-06-15 13:05:00,168.77,169.1,168.59,169.1,8106,LH
2020-06-15 13:10:00,169.1,169.32,169.03,169.24,4835,LH
2020-06-15 13:15:00,169.15,169.26,169.03,169.15,7720,LH
2020-06-15 13:20:00,169.07,169.3,168.69,168.69,2586,LH
2020-06-15 13:25:00,168.74,168.86,168.63,168.84,3773,LH
2020-06-15 13:30:00,168.71,168.75,168.62,168.73,3387,LH
2020-06-15 13:35:00,168.73,168.86,168.44,168.69,2444,LH
2020-06-15 13:40:00,168.68,168.68,168.19,168.25,6470,LH
2020-06-15 13:45:00,168.23,168.36,167.96,168.07,11766,LH
2020-06-15 13:50:00,168.23,168.62,168.2,168.54,4923,LH
2020-06-15 13:55:00,168.27,168.57,168.27,168.41,3525,LH
2020-06-15 14:00:00,168.68,170.39,168.65,170.39,9346,LH
2020-06-15 14:05:00,170.74,171.38,170.64,171.18,9348,LH
2020-06-15 14:10:00,171.08,171.1,170.68,171.1,3890,LH
2020-06-15 14:15:00,171.11,171.65,171.07,171.59,6876,LH
2020-06-15 14:20:00,171.7,171.74,171.15,171.3,4123,LH
2020-06-15 14:25:00,171.31,171.5,171.23,171.37,2501,LH
2020-06-15 14:30:00,171.42,171.61,170.45,170.45,8105,LH
2020-06-15 14:35:00,170.59,170.7,170.2,170.2,3542,LH
2020-06-15 14:40:00,170.4,170.45,169.87,169.87,2533,LH
2020-06-15 14:45:00,169.97,170.26,169.86,170.04,8099,LH
2020-06-15 14:50:00,169.91,169.94,169.26,169.45,5608,LH
2020-06-15 14:55:00,169.37,169.58,169.19,169.35,6306,LH
2020-06-15 15:00:00,169.38,170.1,169.38,169.88,5623,LH
2020-06-15 15:05:00,169.76,169.76,169.39,169.63,3840,LH
2020-06-15 15:10:00,169.72,169.82,169.53,169.53,3630,LH
2020-06-15 15:15:00,169.73,169.73,169.39,169.41,2276,LH
2020-06-15 15:20:00,169.31,169.49,169.01,169.45,8540,LH
2020-06-15 15:25:00,169.67,169.77,168.98,169.07,11924,LH
2020-06-15 15:30:00,169.1,169.28,168.76,169.14,13857,LH
2020-06-15 15:35:00,169.1,169.44,168.82,169.35,13852,LH
2020-06-15 15:40:00,169.33,169.74,169.21,169.64,8525,LH
2020-06-15 15:45:00,169.6,170.32,169.57,170.19,21657,LH
2020-06-15 15:50:00,170.08,170.32,169.6,170.17,35455,LH
2020-06-15 15:55:00,170.15,170.78,170.15,170.5,59521,LH
2020-06-15 16:00:00,170.51,170.51,170.51,170.51,0,LH
2020-06-15 16:15:00,170.51,170.51,170.51,170.51,0,LH
2020-06-15 16:25:00,170.51,170.51,170.51,170.51,0,LH
2020-06-15 16:35:00,170.51,170.51,170.51,170.51,0,LH
2020-06-15 17:25:00,170.51,170.51,170.51,170.51,0,LH
2020-06-15 18:35:00,170.5,170.5,170.5,170.5,0,LH
2020-06-16 08:05:00,172.0,172.0,172.0,172.0,0,LH
2020-06-16 08:30:00,173.35,173.35,173.35,173.35,0,LH
2020-06-16 09:30:00,175.09,175.59,174.11,174.48,17034,LH
2020-06-16 09:35:00,174.04,174.92,173.71,174.32,5368,LH
2020-06-16 09:40:00,173.95,174.35,173.66,173.9,5884,LH
2020-06-16 09:45:00,173.92,174.29,173.54,173.55,6490,LH
2020-06-16 09:50:00,173.76,174.25,173.75,174.25,3407,LH
2020-06-16 09:55:00,174.06,174.27,173.72,174.27,4258,LH
2020-06-16 10:00:00,174.17,174.54,173.89,174.54,3066,LH
2020-06-16 10:05:00,174.42,174.65,174.24,174.44,3975,LH
2020-06-16 10:10:00,174.24,174.4,174.02,174.16,3888,LH
2020-06-16 10:15:00,174.21,174.25,173.72,173.75,5273,LH
2020-06-16 10:20:00,173.64,173.78,173.51,173.66,4719,LH
2020-06-16 10:25:00,173.64,174.15,173.64,174.13,8168,LH
2020-06-16 10:30:00,174.07,174.12,173.62,173.71,3157,LH
2020-06-16 10:35:00,173.46,173.46,172.23,172.8,9191,LH
2020-06-16 10:40:00,172.6,172.69,171.8,171.87,3896,LH
2020-06-16 10:45:00,171.72,172.54,171.68,172.54,8479,LH
2020-06-16 10:50:00,172.27,172.27,171.01,171.3,4966,LH
2020-06-16 10:55:00,171.28,171.6,169.77,169.9,6700,LH
2020-06-16 11:00:00,169.99,170.49,169.16,170.15,9188,LH
2020-06-16 11:05:00,170.49,170.95,170.35,170.95,2236,LH
2020-06-16 11:10:00,170.57,171.22,170.52,171.22,2561,LH
2020-06-16 11:15:00,171.41,172.45,171.25,172.14,5688,LH
2020-06-16 11:20:00,172.07,172.64,172.07,172.59,5006,LH
2020-06-16 11:25:00,172.45,172.73,172.25,172.44,3197,LH
2020-06-16 11:30:00,172.23,172.58,172.16,172.58,2895,LH
2020-06-16 11:35:00,172.45,172.45,171.8,172.19,2618,LH
2020-06-16 11:40:00,172.1,172.5,172.03,172.46,3357,LH
2020-06-16 11:45:00,172.56,173.01,172.49,172.98,1883,LH
2020-06-16 11:50:00,172.96,173.14,172.65,172.7,4040,LH
2020-06-16 11:55:00,172.45,172.54,172.23,172.31,3458,LH
2020-06-16 12:00:00,172.33,172.59,171.73,171.96,3634,LH
2020-06-16 12:05:00,171.84,171.93,171.64,171.87,2764,LH
2020-06-16 12:10:00,171.59,171.94,171.59,171.93,2057,LH
2020-06-16 12:15:00,171.93,172.09,171.6,172.09,1855,LH
2020-06-16 12:20:00,172.11,172.35,172.11,172.31,4079,LH
2020-06-16 12:25:00,172.3,172.56,172.3,172.53,5571,LH
2020-06-16 12:30:00,172.63,173.15,172.58,173.14,4016,LH
2020-06-16 12:35:00,173.13,173.52,173.13,173.51,2817,LH
2020-06-16 12:40:00,173.49,173.86,173.49,173.86,2590,LH
2020-06-16 12:45:00,173.84,173.9,173.58,173.58,4241,LH
2020-06-16 12:50:00,173.63,173.69,173.55,173.58,1472,LH
2020-06-16 12:55:00,173.46,173.65,173.24,173.65,2594,LH
2020-06-16 13:00:00,173.62,173.99,173.42,173.42,2143,LH
2020-06-16 13:05:00,173.25,173.52,173.25,173.45,3708,LH
2020-06-16 13:10:00,173.62,173.68,173.39,173.56,2682,LH
2020-06-16 13:15:00,173.57,173.76,173.55,173.76,2422,LH
2020-06-16 13:20:00,173.49,173.81,173.49,173.81,7109,LH
2020-06-16 13:25:00,173.81,174.0,173.66,173.8,2574,LH
2020-06-16 13:30:00,173.73,173.82,173.24,173.32,3269,LH
2020-06-16 13:35:00,173.21,173.43,173.05,173.4,5217,LH
2020-06-16 13:40:00,173.43,173.8,173.43,173.73,4882,LH
2020-06-16 13:45:00,173.58,173.83,173.46,173.8,6774,LH
2020-06-16 13:50:00,173.79,174.0,173.39,173.71,5809,LH
2020-06-16 13:55:00,173.5,174.0,173.46,174.0,8145,LH
2020-06-16 14:00:00,174.05,174.35,173.93,174.15,6541,LH
2020-06-16 14:05:00,174.03,174.32,174.01,174.09,4773,LH
2020-06-16 14:10:00,174.18,174.38,173.96,174.26,5111,LH
2020-06-16 14:15:00,174.33,174.66,174.17,174.65,5735,LH
2020-06-16 14:20:00,174.62,174.8,173.54,174.27,12142,LH
2020-06-16 14:25:00,174.1,174.68,174.1,174.67,8589,LH
2020-06-16 14:30:00,174.66,175.05,174.66,174.97,9648,LH
2020-06-16 14:35:00,174.89,175.14,174.8,175.05,6234,LH
2020-06-16 14:40:00,175.16,175.36,174.91,175.09,8428,LH
2020-06-16 14:45:00,175.18,175.26,174.85,175.21,5569,LH
2020-06-16 14:50:00,175.25,175.3,174.95,175.25,6926,LH
2020-06-16 14:55:00,175.31,175.37,174.93,175.16,5429,LH
2020-06-16 15:00:00,175.21,175.26,174.88,175.08,9543,LH
2020-06-16 15:05:00,175.02,175.02,174.23,174.23,6367,LH
2020-06-16 15:10:00,174.33,174.33,174.03,174.15,6000,LH
2020-06-16 15:15:00,174.03,174.03,173.25,173.38,9047,LH
2020-06-16 15:20:00,173.46,173.9,173.43,173.9,7280,LH
2020-06-16 15:25:00,173.9,174.38,173.9,174.27,20706,LH
2020-06-16 15:30:00,174.2,175.27,174.1,174.76,47503,LH
2020-06-16 15:35:00,174.81,174.81,174.0,174.14,42224,LH
2020-06-16 15:40:00,174.08,174.15,173.26,173.52,44294,LH
2020-06-16 15:45:00,173.49,173.7,172.92,173.35,23298,LH
2020-06-16 15:50:00,173.63,173.67,172.95,173.22,32640,LH
2020-06-16 15:55:00,173.19,173.87,172.89,173.76,82291,LH
2020-06-16 16:00:00,173.72,173.72,173.72,173.72,0,LH
2020-06-16 16:15:00,173.72,173.72,173.72,173.72,0,LH
2020-06-16 16:25:00,173.59,173.7,173.59,173.7,0,LH
2020-06-16 16:30:00,173.72,173.72,173.72,173.72,0,LH
2020-06-17 07:15:00,174.0,174.0,174.0,174.0,0,LH
2020-06-17 09:30:00,174.67,174.67,173.63,174.22,11759,LH
2020-06-17 09:35:00,173.74,174.52,173.62,174.05,4535,LH
2020-06-17 09:40:00,173.91,174.11,173.7,174.0,3810,LH
2020-06-17 09:45:00,173.93,173.93,173.46,173.61,3887,LH
2020-06-17 09:50:00,173.5,173.99,173.16,173.16,2961,LH
2020-06-17 09:55:00,172.85,173.32,172.65,173.21,12736,LH
2020-06-17 10:00:00,173.38,173.49,172.69,172.69,5965,LH
2020-06-17 10:05:00,172.61,173.1,172.3,173.1,5092,LH
2020-06-17 10:10:00,172.89,173.0,172.58,172.58,3562,LH
2020-06-17 10:15:00,172.46,173.07,171.85,171.85,6199,LH
2020-06-17 10:20:00,172.14,172.31,171.45,171.51,12683,LH
2020-06-17 10:25:00,171.41,171.53,170.51,171.23,16198,LH
2020-06-17 10:30:00,171.33,171.85,171.02,171.83,3764,LH
2020-06-17 10:35:00,171.59,171.99,171.58,171.99,2547,LH
2020-06-17 10:40:00,171.59,171.82,171.53,171.82,3306,LH
2020-06-17 10:45:00,171.87,171.87,171.7,171.81,2655,LH
2020-06-17 10:50:00,171.71,171.99,171.7,171.7,3564,LH
2020-06-17 10:55:00,171.83,172.09,171.49,171.64,4947,LH
2020-06-17 11:00:00,171.8,171.8,171.38,171.66,3243,LH
2020-06-17 11:05:00,171.55,171.98,171.55,171.68,3294,LH
2020-06-17 11:10:00,171.55,171.97,171.4,171.43,4539,LH
2020-06-17 11:15:00,171.35,171.57,171.14,171.27,2829,LH
2020-06-17 11:20:00,171.21,171.32,171.01,171.01,2314,LH
2020-06-17 11:25:00,171.0,171.18,170.96,171.15,5054,LH
2020-06-17 11:30:00,171.23,171.62,171.23,171.62,2085,LH
2020-06-17 11:35:00,171.42,171.63,171.41,171.41,4943,LH
2020-06-17 11:40:00,171.48,171.79,171.48,171.7,2559,LH
2020-06-17 11:45:00,171.8,171.88,171.59,171.65,3123,LH
2020-06-17 11:50:00,171.59,171.64,171.48,171.58,4151,LH
2020-06-17 11:55:00,171.58,172.02,171.57,172.02,5385,LH
2020-06-17 12:00:00,172.03,172.03,171.83,171.9,2781,LH
2020-06-17 12:05:00,171.88,172.1,171.88,172.1,1956,LH
2020-06-17 12:10:00,172.11,172.18,171.99,172.02,3343,LH
2020-06-17 12:15:00,172.07,172.21,172.02,172.05,1681,LH
2020-06-17 12:20:00,172.12,172.12,171.8,171.9,4897,LH
2020-06-17 12:25:00,171.86,172.02,171.86,171.91,3254,LH
2020-06-17 12:30:00,171.79,172.45,171.79,172.44,3690,LH
2020-06-17 12:35:00,172.31,172.52,172.31,172.4,1611,LH
2020-06-17 12:40:00,172.38,172.44,172.25,172.35,2048,LH
2020-06-17 12:45:00,172.34,172.38,172.18,172.26,2625,LH
2020-06-17 12:50:00,172.3,172.41,172.25,172.34,2385,LH
2020-06-17 12:55:00,172.36,172.64,172.16,172.63,4685,LH
2020-06-17 13:00:00,172.62,172.83,172.62,172.83,1579,LH
2020-06-17 13:05:00,172.87,173.03,172.79,172.94,3943,LH
2020-06-17 13:10:00,172.76,172.8,172.68,172.77,2785,LH
2020-06-17 13:15:00,172.79,172.79,172.54,172.66,1776,LH
2020-06-17 13:20:00,172.67,172.8,172.6,172.74,2610,LH
2020-06-17 13:25:00,172.82,172.89,172.68,172.74,4173,LH
2020-06-17 13:30:00,172.8,172.86,172.73,172.79,2254,LH
2020-06-17 13:35:00,172.79,173.01,172.79,173.01,6011,LH
2020-06-17 13:40:00,172.98,172.98,172.68,172.74,3042,LH
2020-06-17 13:45:00,172.68,172.68,172.49,172.6,2493,LH
2020-06-17 13:50:00,172.6,173.0,172.56,173.0,5682,LH
2020-06-17 13:55:00,172.99,173.11,172.79,172.85,4005,LH
2020-06-17 14:00:00,172.86,173.0,172.67,172.67,3646,LH
2020-06-17 14:05:00,172.63,172.78,172.49,172.6,7196,LH
2020-06-17 14:10:00,172.59,172.77,172.25,172.29,4124,LH
2020-06-17 14:15:00,172.41,172.42,172.17,172.2,2901,LH
2020-06-17 14:20:00,172.2,172.3,172.19,172.19,1823,LH
2020-06-17 14:25:00,172.19,172.44,172.1,172.27,4377,LH
2020-06-17 14:30:00,172.29,172.29,172.1,172.21,4114,LH
2020-06-17 14:35:00,172.16,172.22,172.06,172.06,1747,LH
2020-06-17 14:40:00,172.18,172.44,172.17,172.18,5503,LH
2020-06-17 14:45:00,172.2,172.25,172.06,172.09,1933,LH
2020-06-17 14:50:00,172.13,172.43,171.97,171.98,4553,LH
2020-06-17 14:55:00,172.11,172.18,171.82,171.83,5684,LH
2020-06-17 15:00:00,171.74,171.75,171.55,171.69,6000,LH
2020-06-17 15:05:00,171.75,171.81,171.59,171.59,3185,LH
2020-06-17 15:10:00,171.64,171.64,171.3,171.32,5246,LH
2020-06-17 15:15:00,171.4,171.51,171.09,171.17,5807,LH
2020-06-17 15:20:00,171.19,171.44,171.11,171.25,9930,LH
2020-06-17 15:25:00,171.25,171.28,170.75,170.79,8124,LH
2020-06-17 15:30:00,170.84,170.89,170.51,170.82,9125,LH
2020-06-17 15:35:00,170.71,171.0,170.59,170.77,11598,LH
2020-06-17 15:40:00,170.83,170.88,170.35,170.43,17711,LH
2020-06-17 15:45:00,170.49,170.66,170.13,170.13,13501,LH
2020-06-17 15:50:00,170.08,170.63,169.85,170.38,15429,LH
2020-06-17 15:55:00,170.45,170.57,170.17,170.22,52111,LH
2020-06-17 16:00:00,170.22,170.22,170.22,170.22,0,LH
2020-06-17 16:15:00,170.22,170.22,170.22,170.22,0,LH
2020-06-17 16:30:00,170.22,170.22,170.22,170.22,0,LH
2020-06-17 17:15:00,170.22,170.22,170.22,170.22,0,LH
2020-06-18 09:30:00,169.0,169.48,168.13,169.48,9792,LH
2020-06-18 09:35:00,169.05,169.05,168.1,168.81,5730,LH
2020-06-18 09:40:00,168.85,169.55,168.7,169.14,3223,LH
2020-06-18 09:45:00,169.22,169.38,169.08,169.36,5154,LH
2020-06-18 09:50:00,169.48,169.7,169.17,169.27,3730,LH
2020-06-18 09:55:00,169.27,169.27,168.71,168.85,3610,LH
2020-06-18 10:00:00,168.93,169.18,168.57,169.18,5235,LH
2020-06-18 10:05:00,169.21,169.51,169.11,169.51,3598,LH
2020-06-18 10:10:00,169.25,169.37,169.24,169.24,2558,LH
2020-06-18 10:15:00,169.36,169.66,169.06,169.56,4169,LH
2020-06-18 10:20:00,169.66,169.68,168.64,168.91,4285,LH
2020-06-18 10:25:00,168.91,169.4,168.87,169.25,3627,LH
2020-06-18 10:30:00,169.13,169.67,168.84,169.4,2785,LH
2020-06-18 10:35:00,169.66,169.93,169.6,169.63,2463,LH
2020-06-18 10:40:00,169.69,169.69,169.32,169.35,3685,LH
2020-06-18 10:45:00,169.32,169.69,169.31,169.4,3401,LH
2020-06-18 10:50:00,169.28,169.28,168.34,168.66,4372,LH
2020-06-18 10:55:00,168.68,169.11,168.65,169.11,5282,LH
2020-06-18 11:00:00,168.81,168.9,168.52,168.61,2885,LH
2020-06-18 11:05:00,168.5,168.79,168.43,168.6,5339,LH
2020-06-18 11:10:00,168.59,169.24,168.59,169.24,4546,LH
2020-06-18 11:15:00,169.24,169.31,169.18,169.24,2399,LH
2020-06-18 11:20:00,169.22,169.22,168.8,168.8,2718,LH
2020-06-18 11:25:00,168.92,168.99,168.82,168.99,2105,LH
2020-06-18 11:30:00,168.99,169.18,168.95,168.95,1699,LH
2020-06-18 11:35:00,169.2,169.2,168.72,168.73,3353,LH
2020-06-18 11:40:00,168.68,168.92,168.56,168.57,3054,LH
2020-06-18 11:45:00,168.72,168.87,168.65,168.79,2597,LH
2020-06-18 11:50:00,168.63,168.63,168.18,168.22,3851,LH
2020-06-18 11:55:00,168.24,168.34,168.07,168.34,2143,LH
2020-06-18 12:00:00,168.36,168.44,168.02,168.02,2164,LH
2020-06-18 12:05:00,168.1,168.29,168.1,168.27,2112,LH
2020-06-18 12:10:00,168.36,168.66,168.36,168.66,2685,LH
2020-06-18 12:15:00,168.7,168.79,168.6,168.63,4720,LH
2020-06-18 12:20:00,168.66,168.95,168.65,168.71,2013,LH
2020-06-18 12:25:00,168.88,169.14,168.88,169.03,3518,LH
2020-06-18 12:30:00,168.99,169.05,168.76,168.79,839,LH
2020-06-18 12:35:00,168.87,168.94,168.65,168.71,3891,LH
2020-06-18 12:40:00,168.84,168.84,168.66,168.77,1957,LH
2020-06-18 12:45:00,168.98,169.22,168.95,169.22,998,LH
2020-06-18 12:50:00,169.18,169.4,169.05,169.32,3401,LH
2020-06-18 12:55:00,169.4,169.47,169.27,169.32,2143,LH
2020-06-18 13:00:00,169.39,169.6,169.21,169.48,3800,LH
2020-06-18 13:05:00,169.49,169.67,169.3,169.67,3219,LH
2020-06-18 13:10:00,169.46,169.75,169.46,169.72,1698,LH
2020-06-18 13:15:00,169.61,169.72,169.43,169.71,1973,LH
2020-06-18 13:20:00,169.67,169.69,169.54,169.66,1072,LH
2020-06-18 13:25:00,169.57,169.69,169.49,169.63,2500,LH
2020-06-18 13:30:00,169.74,169.86,169.54,169.73,1757,LH
2020-06-18 13:35:00,169.68,169.8,169.62,169.8,3584,LH
2020-06-18 13:40:00,169.76,169.83,169.51,169.51,2684,LH
2020-06-18 13:45:00,169.51,169.74,169.51,169.62,2386,LH
2020-06-18 13:50:00,169.74,169.78,169.51,169.62,2817,LH
2020-06-18 13:55:00,169.65,169.74,169.53,169.74,3166,LH
2020-06-18 14:00:00,169.8,169.8,169.21,169.34,4812,LH
2020-06-18 14:05:00,169.33,169.33,169.04,169.16,3167,LH
2020-06-18 14:10:00,169.2,169.24,169.1,169.24,1805,LH
2020-06-18 14:15:00,169.29,169.29,168.98,169.14,2643,LH
2020-06-18 14:20:00,169.21,169.33,169.17,169.21,2321,LH
2020-06-18 14:25:00,169.22,169.35,169.06,169.12,4601,LH
2020-06-18 14:30:00,169.16,169.37,168.9,168.9,5533,LH
2020-06-18 14:35:00,169.02,169.04,168.82,168.87,4361,LH
2020-06-18 14:40:00,168.93,168.93,168.37,168.46,4605,LH
2020-06-18 14:45:00,168.46,168.6,168.35,168.35,4635,LH
2020-06-18 14:50:00,168.5,168.56,168.25,168.37,6293,LH
2020-06-18 14:55:00,168.35,168.41,168.06,168.06,6363,LH
2020-06-18 15:00:00,168.25,168.26,167.88,167.93,7801,LH
2020-06-18 15:05:00,167.93,168.07,167.9,168.02,5926,LH
2020-06-18 15:10:00,168.06,168.08,167.57,167.6,8418,LH
2020-06-18 15:15:00,167.66,167.86,167.58,167.76,8834,LH
2020-06-18 15:20:00,167.88,168.09,167.83,167.89,5692,LH
2020-06-18 15:25:00,167.95,168.16,167.93,168.11,8540,LH
2020-06-18 15:30:00,168.04,168.35,167.98,168.04,12064,LH
2020-06-18 15:35:00,168.09,168.32,168.04,168.28,7402,LH
2020-06-18 15:40:00,168.26,168.32,168.0,168.0,18555,LH
2020-06-18 15:45:00,168.04,168.28,167.94,168.2,18963,LH
2020-06-18 15:50:00,168.24,168.4,167.99,168.37,28419,LH
2020-06-18 15:55:00,168.36,168.56,168.22,168.43,49990,LH
2020-06-18 16:00:00,168.43,168.43,168.43,168.43,0,LH
2020-06-18 17:10:00,168.43,168.43,168.43,168.43,0,LH
2020-06-18 18:15:00,168.43,168.43,168.43,168.43,0,LH
2020-06-19 08:50:00,170.1,170.1,170.1,170.1,0,LH
2020-06-19 09:30:00,172.27,172.27,171.23,171.23,63149,LH
2020-06-19 09:35:00,170.86,171.59,170.86,171.59,4069,LH
2020-06-19 09:40:00,171.74,171.74,170.54,170.54,5369,LH
2020-06-19 09:45:00,170.47,170.78,170.14,170.52,11345,LH
2020-06-19 09:50:00,170.9,171.0,170.66,170.68,1535,LH
2020-06-19 09:55:00,170.92,170.92,170.36,170.59,4150,LH
2020-06-19 10:00:00,170.8,171.05,170.75,170.95,3082,LH
2020-06-19 10:05:00,171.03,171.03,170.35,170.39,3607,LH
2020-06-19 10:10:00,170.44,170.44,170.06,170.29,2833,LH
2020-06-19 10:15:00,170.26,170.44,170.1,170.21,2841,LH
2020-06-19 10:20:00,170.33,170.35,170.02,170.26,4025,LH
2020-06-19 10:25:00,170.23,170.4,169.87,170.04,2647,LH
2020-06-19 10:30:00,169.99,170.11,169.68,170.11,3980,LH
2020-06-19 10:35:00,170.12,170.31,170.1,170.22,4733,LH
2020-06-19 10:40:00,170.24,170.55,170.23,170.44,3039,LH
2020-06-19 10:45:00,170.46,170.52,170.26,170.52,14621,LH
2020-06-19 10:50:00,170.54,170.66,170.38,170.5,2926,LH
2020-06-19 10:55:00,170.33,170.33,169.68,169.93,4777,LH
2020-06-19 11:00:00,169.8,170.14,169.8,170.14,9653,LH
2020-06-19 11:05:00,170.21,170.28,169.98,170.16,2635,LH
2020-06-19 11:10:00,170.17,170.33,170.05,170.13,4103,LH
2020-06-19 11:15:00,170.2,170.2,170.03,170.03,908,LH
2020-06-19 11:20:00,169.72,169.98,169.56,169.81,9188,LH
2020-06-19 11:25:00,169.87,169.89,169.62,169.62,3538,LH
2020-06-19 11:30:00,169.49,169.58,169.34,169.45,3248,LH
2020-06-19 11:35:00,169.49,169.54,169.21,169.34,5267,LH
2020-06-19 11:40:00,169.38,169.38,169.17,169.24,5763,LH
2020-06-19 11:45:00,169.24,169.54,169.24,169.48,2370,LH
2020-06-19 11:50:00,169.38,169.42,169.06,169.06,4273,LH
2020-06-19 11:55:00,169.0,169.04,168.9,168.96,4028,LH
2020-06-19 12:00:00,168.97,168.97,168.78,168.83,3550,LH
2020-06-19 12:05:00,168.73,168.79,168.52,168.63,3256,LH
2020-06-19 12:10:00,168.75,168.84,168.11,168.11,3063,LH
2020-06-19 12:15:00,168.07,168.38,167.42,167.42,13910,LH
2020-06-19 12:20:00,167.41,167.84,166.84,167.14,8020,LH
2020-06-19 12:25:00,167.14,167.46,166.96,167.28,4851,LH
2020-06-19 12:30:00,167.49,167.71,167.37,167.6,4531,LH
2020-06-19 12:35:00,167.33,167.33,167.02,167.18,3224,LH
2020-06-19 12:40:00,167.0,167.08,166.73,166.93,6058,LH
2020-06-19 12:45:00,166.76,167.1,166.75,167.1,4387,LH
2020-06-19 12:50:00,167.21,167.28,167.07,167.07,3166,LH
2020-06-19 12:55:00,167.16,167.45,167.09,167.42,4874,LH
2020-06-19 13:00:00,167.32,167.42,167.13,167.23,4240,LH
2020-06-19 13:05:00,167.28,167.32,167.0,167.06,6134,LH
2020-06-19 13:10:00,167.04,167.23,166.83,166.83,5797,LH
2020-06-19 13:15:00,166.83,166.94,166.62,166.67,4804,LH
2020-06-19 13:20:00,166.71,166.71,166.16,166.18,5305,LH
2020-06-19 13:25:00,166.17,166.43,166.15,166.25,7471,LH
2020-06-19 13:30:00,166.29,166.29,166.01,166.01,4379,LH
2020-06-19 13:35:00,166.02,166.75,166.02,166.6,5148,LH
2020-06-19 13:40:00,166.52,166.69,166.47,166.52,2191,LH
2020-06-19 13:45:00,166.62,166.72,166.13,166.22,6245,LH
2020-06-19 13:50:00,166.31,166.37,165.87,165.96,4153,LH
2020-06-19 13:55:00,165.96,166.16,165.68,165.76,9240,LH
2020-06-19 14:00:00,165.82,166.09,165.55,165.71,6347,LH
2020-06-19 14:05:00,165.72,165.72,165.27,165.29,11209,LH
2020-06-19 14:10:00,165.28,165.29,164.88,165.16,14850,LH
2020-06-19 14:15:00,165.22,165.54,165.07,165.26,8482,LH
2020-06-19 14:20:00,165.17,165.39,164.62,165.25,62720,LH
2020-06-19 14:25:00,165.25,165.44,164.74,164.91,19454,LH
2020-06-19 14:30:00,164.96,166.37,164.84,166.18,54750,LH
2020-06-19 14:35:00,166.36,166.56,166.18,166.43,6312,LH
2020-06-19 14:40:00,166.47,166.63,166.24,166.51,4919,LH
2020-06-19 14:45:00,166.51,166.8,166.41,166.51,5460,LH
2020-06-19 14:50:00,166.43,166.89,166.41,166.89,5805,LH
2020-06-19 14:55:00,166.87,167.32,166.71,167.16,8038,LH
2020-06-19 15:00:00,167.1,167.22,166.99,167.0,5327,LH
2020-06-19 15:05:00,167.0,167.07,166.88,166.91,8254,LH
2020-06-19 15:10:00,166.96,167.43,166.85,167.32,7509,LH
2020-06-19 15:15:00,167.31,167.69,167.31,167.47,7765,LH
2020-06-19 15:20:00,167.54,167.54,167.19,167.46,7586,LH
2020-06-19 15:25:00,167.43,167.43,166.96,166.99,7368,LH
2020-06-19 15:30:00,167.03,167.2,166.92,167.19,14139,LH
2020-06-19 15:35:00,167.14,167.14,166.56,166.68,21278,LH
2020-06-19 15:40:00,166.63,166.63,165.81,166.49,28705,LH
2020-06-19 15:45:00,166.48,166.5,165.27,165.29,29679,LH
2020-06-19 15:50:00,165.21,165.91,164.71,165.74,62605,LH
2020-06-19 15:55:00,165.64,165.71,163.3,163.74,241630,LH
2020-06-19 16:00:00,162.35,162.35,162.35,162.35,806177,LH
2020-06-19 16:15:00,163.1,163.1,162.35,162.35,0,LH
2020-06-19 16:20:00,163.46,163.46,163.46,163.46,0,LH
2020-06-19 16:25:00,162.35,162.35,162.35,162.35,0,LH
2020-06-19 16:30:00,162.35,162.35,162.35,162.35,0,LH
2020-06-19 16:35:00,162.35,162.35,162.35,162.35,0,LH
2020-06-19 16:45:00,162.35,162.35,162.35,162.35,0,LH
2020-06-19 16:50:00,162.35,162.35,162.35,162.35,0,LH
2020-06-19 16:55:00,163.2,163.2,162.35,162.35,0,LH
2020-06-19 17:00:00,163.2,163.2,163.2,163.2,0,LH
2020-06-19 17:05:00,163.5,163.5,163.5,163.5,0,LH
2020-06-19 17:20:00,163.6,163.6,163.6,163.6,0,LH
2020-06-22 07:15:00,163.5,163.5,163.5,163.5,0,LH
2020-06-22 08:15:00,163.32,163.32,163.32,163.32,0,LH
2020-06-22 09:30:00,162.4,163.4,162.34,163.0,39382,LH
2020-06-22 09:35:00,162.82,162.82,161.56,161.56,19670,LH
2020-06-22 09:40:00,161.67,162.11,161.42,162.11,11678,LH
2020-06-22 09:45:00,162.35,162.9,162.15,162.9,11392,LH
2020-06-22 09:50:00,162.65,162.99,162.4,162.75,10038,LH
2020-06-22 09:55:00,162.8,163.65,162.72,163.65,27135,LH
2020-06-22 10:00:00,163.45,163.85,163.23,163.85,8526,LH
2020-06-22 10:05:00,163.72,163.84,163.43,163.5,5726,LH
2020-06-22 10:10:00,163.46,163.58,163.35,163.48,6257,LH
2020-06-22 10:15:00,163.47,163.87,163.3,163.32,13337,LH
2020-06-22 10:20:00,163.31,163.31,162.9,163.29,12108,LH
2020-06-22 10:25:00,163.29,163.65,163.11,163.65,7817,LH
2020-06-22 10:30:00,163.71,163.77,163.35,163.77,11755,LH
2020-06-22 10:35:00,163.82,163.84,163.4,163.4,16914,LH
2020-06-22 10:40:00,163.17,163.26,162.94,163.19,4638,LH
2020-06-22 10:45:00,163.28,163.35,162.95,163.04,3542,LH
2020-06-22 10:50:00,162.98,163.36,162.94,163.09,6750,LH
2020-06-22 10:55:00,162.99,163.02,162.45,162.66,15558,LH
2020-06-22 11:00:00,162.63,162.63,161.8,162.1,18910,LH
2020-06-22 11:05:00,161.94,161.94,161.66,161.89,3260,LH
2020-06-22 11:10:00,162.02,162.45,162.02,162.4,3708,LH
2020-06-22 11:15:00,162.53,162.54,162.4,162.4,2884,LH
2020-06-22 11:20:00,162.41,162.65,162.16,162.65,6000,LH
2020-06-22 11:25:00,162.65,162.82,162.63,162.63,7150,LH
2020-06-22 11:30:00,162.73,162.84,162.13,162.31,7973,LH
2020-06-22 11:35:00,162.32,162.52,162.21,162.52,2465,LH
2020-06-22 11:40:00,162.53,162.58,162.5,162.58,2395,LH
2020-06-22 11:45:00,162.4,162.43,162.27,162.36,2376,LH
2020-06-22 11:50:00,162.44,162.65,162.34,162.5,3515,LH
2020-06-22 11:55:00,162.4,162.49,162.27,162.41,3862,LH
2020-06-22 12:00:00,162.51,163.09,162.51,163.02,5581,LH
2020-06-22 12:05:00,163.01,163.01,162.8,162.99,5623,LH
2020-06-22 12:10:00,163.11,163.43,163.08,163.43,3809,LH
2020-06-22 12:15:00,163.28,163.57,163.21,163.32,12310,LH
2020-06-22 12:20:00,163.37,163.51,163.22,163.48,5754,LH
2020-06-22 12:25:00,163.47,163.79,163.45,163.76,4991,LH
2020-06-22 12:30:00,163.86,164.11,163.69,164.11,6069,LH
2020-06-22 12:35:00,164.16,164.36,164.11,164.24,6089,LH
2020-06-22 12:40:00,164.15,164.5,163.99,164.5,7903,LH
2020-06-22 12:45:00,164.31,164.6,164.31,164.59,5688,LH
2020-06-22 12:50:00,164.6,164.71,164.49,164.64,3273,LH
2020-06-22 12:55:00,164.63,164.73,164.48,164.64,4649,LH
2020-06-22 13:00:00,164.59,164.77,164.54,164.64,5654,LH
2020-06-22 13:05:00,164.58,164.58,164.05,164.35,19844,LH
2020-06-22 13:10:00,164.36,164.41,164.2,164.28,5007,LH
2020-06-22 13:15:00,164.29,164.49,164.29,164.38,2785,LH
2020-06-22 13:20:00,164.47,164.55,164.44,164.53,3636,LH
2020-06-22 13:25:00,164.62,164.74,164.33,164.49,5264,LH
2020-06-22 13:30:00,164.4,164.64,164.34,164.48,3536,LH
2020-06-22 13:35:00,164.54,164.62,164.4,164.62,4101,LH
2020-06-22 13:40:00,164.79,165.09,164.69,165.03,8418,LH
2020-06-22 13:45:00,165.05,165.07,164.7,164.84,10018,LH
2020-06-22 13:50:00,164.78,164.78,164.51,164.58,4236,LH
2020-06-22 13:55:00,164.53,164.87,164.51,164.85,4710,LH
2020-06-22 14:00:00,164.88,164.88,164.2,164.3,8553,LH
2020-06-22 14:05:00,164.26,164.48,164.25,164.48,2410,LH
2020-06-22 14:10:00,164.42,164.43,164.05,164.22,4995,LH
2020-06-22 14:15:00,164.33,164.39,164.16,164.17,1702,LH
2020-06-22 14:20:00,164.29,164.67,164.22,164.67,3913,LH
2020-06-22 14:25:00,164.63,164.83,164.63,164.82,2939,LH
2020-06-22 14:30:00,164.78,164.88,164.62,164.81,8242,LH
2020-06-22 14:35:00,164.82,164.99,164.71,164.87,4080,LH
2020-06-22 14:40:00,164.88,164.92,164.75,164.79,3964,LH
2020-06-22 14:45:00,164.93,164.93,164.56,164.63,3740,LH
2020-06-22 14:50:00,164.58,164.66,164.42,164.48,5623,LH
2020-06-22 14:55:00,164.49,164.98,164.49,164.9,5908,LH
2020-06-22 15:00:00,164.9,165.04,164.81,164.95,5054,LH
2020-06-22 15:05:00,164.88,164.97,164.8,164.8,4907,LH
2020-06-22 15:10:00,164.81,164.93,164.44,164.52,8462,LH
2020-06-22 15:15:00,164.55,164.59,164.31,164.4,7722,LH
2020-06-22 15:20:00,164.4,164.48,163.88,163.88,8709,LH
2020-06-22 15:25:00,163.96,164.33,163.96,164.33,8129,LH
2020-06-22 15:30:00,164.4,164.76,164.31,164.66,17017,LH
2020-06-22 15:35:00,164.7,164.73,164.4,164.55,12390,LH
2020-06-22 15:40:00,164.67,165.12,164.65,165.12,16530,LH
2020-06-22 15:45:00,165.12,165.27,164.83,164.96,24402,LH
2020-06-22 15:50:00,164.96,165.43,164.89,165.27,30040,LH
2020-06-22 15:55:00,165.36,165.63,165.08,165.13,85318,LH
2020-06-22 16:00:00,165.16,165.17,165.1,165.1,0,LH
2020-06-22 16:15:00,165.1,165.1,165.1,165.1,0,LH
2020-06-22 16:20:00,165.1,165.1,165.1,165.1,0,LH
2020-06-22 16:35:00,165.1,165.1,165.1,165.1,0,LH
2020-06-22 16:40:00,164.52,164.52,164.52,164.52,0,LH
2020-06-22 19:25:00,165.5,165.5,165.5,165.5,0,LH
2020-06-23 07:15:00,166.0,166.0,166.0,166.0,0,LH
2020-06-23 09:30:00,166.75,166.75,165.68,165.99,9138,LH
2020-06-23 09:35:00,165.5,165.5,164.01,164.01,9754,LH
2020-06-23 09:40:00,163.82,164.91,163.75,164.42,12721,LH
2020-06-23 09:45:00,164.25,164.59,163.55,163.55,6119,LH
2020-06-23 09:50:00,163.57,163.64,162.85,162.85,10654,LH
2020-06-23 09:55:00,162.99,163.24,162.76,163.19,9158,LH
2020-06-23 10:00:00,163.2,163.42,162.77,163.1,6442,LH
2020-06-23 10:05:00,163.02,163.1,162.5,162.92,10228,LH
2020-06-23 10:10:00,162.93,163.0,162.47,162.9,10184,LH
2020-06-23 10:15:00,162.91,163.53,162.91,163.09,10151,LH
2020-06-23 10:20:00,163.16,163.16,162.68,162.87,10229,LH
2020-06-23 10:25:00,162.84,162.84,162.48,162.51,7543,LH
2020-06-23 10:30:00,162.56,162.72,162.53,162.72,8244,LH
2020-06-23 10:35:00,162.73,162.73,162.43,162.56,5763,LH
2020-06-23 10:40:00,162.51,162.68,162.38,162.47,12285,LH
2020-06-23 10:45:00,162.52,162.54,162.06,162.54,9273,LH
2020-06-23 10:50:00,162.44,162.57,162.21,162.44,4929,LH
2020-06-23 10:55:00,162.38,162.72,162.34,162.41,11292,LH
2020-06-23 11:00:00,162.39,162.86,162.2,162.81,8354,LH
2020-06-23 11:05:00,162.91,163.42,162.91,163.41,11598,LH
2020-06-23 11:10:00,163.44,163.77,163.4,163.77,6194,LH
2020-06-23 11:15:00,163.7,164.39,163.7,164.24,7371,LH
2020-06-23 11:20:00,164.25,164.69,164.09,164.66,6840,LH
2020-06-23 11:25:00,164.8,164.91,164.64,164.79,3353,LH
2020-06-23 11:40:00,164.53,164.53,164.19,164.25,15212,LH
2020-06-23 11:45:00,164.3,164.45,164.17,164.17,3586,LH
2020-06-23 11:50:00,164.2,164.56,164.12,164.48,5161,LH
2020-06-23 11:55:00,164.47,164.71,164.47,164.47,2611,LH
2020-06-23 12:00:00,164.62,164.62,164.25,164.25,5439,LH
2020-06-23 12:05:00,164.29,164.4,163.69,163.72,16003,LH
2020-06-23 12:10:00,163.79,163.98,163.57,163.69,10088,LH
2020-06-23 12:15:00,163.51,163.75,163.03,163.03,9879,LH
2020-06-23 12:20:00,163.1,163.55,162.88,163.32,5247,LH
2020-06-23 12:25:00,163.33,163.33,163.15,163.15,3420,LH
2020-06-23 12:30:00,163.15,163.28,162.79,162.84,8222,LH
2020-06-23 12:35:00,162.73,162.91,162.72,162.77,5325,LH
2020-06-23 12:40:00,162.77,162.78,162.68,162.69,4624,LH
2020-06-23 12:45:00,162.6,162.85,162.51,162.75,11240,LH
2020-06-23 12:50:00,162.66,162.89,162.51,162.72,8839,LH
2020-06-23 12:55:00,162.72,162.85,162.6,162.75,4358,LH
2020-06-23 13:00:00,162.82,163.07,162.77,162.86,4759,LH
2020-06-23 13:05:00,162.91,163.1,162.79,163.09,4605,LH
2020-06-23 13:10:00,163.02,163.3,162.91,163.2,4431,LH
2020-06-23 13:15:00,163.2,163.41,163.14,163.35,6894,LH
2020-06-23 13:20:00,163.4,163.96,163.4,163.71,5724,LH
2020-06-23 13:25:00,163.83,163.83,163.59,163.68,4879,LH
2020-06-23 13:30:00,163.78,163.88,163.6,163.63,15892,LH
2020-06-23 13:35:00,163.73,163.77,163.56,163.77,4858,LH
2020-06-23 13:40:00,163.79,163.87,163.67,163.68,4630,LH
2020-06-23 13:45:00,163.62,163.74,163.37,163.54,7300,LH
2020-06-23 13:50:00,163.57,163.7,163.45,163.51,6499,LH
2020-06-23 13:55:00,163.5,163.7,163.4,163.51,5983,LH
2020-06-23 14:00:00,163.64,163.64,163.29,163.46,5011,LH
2020-06-23 14:05:00,163.48,163.63,163.4,163.4,8460,LH
2020-06-23 14:10:00,163.4,163.53,163.23,163.46,7541,LH
2020-06-23 14:15:00,163.53,163.63,163.24,163.24,13841,LH
2020-06-23 14:20:00,163.37,163.66,163.32,163.66,7908,LH
2020-06-23 14:25:00,163.62,163.62,163.38,163.52,5737,LH
2020-06-23 14:30:00,163.51,163.71,163.37,163.67,6140,LH
2020-06-23 14:35:00,163.61,163.79,163.6,163.79,5167,LH
2020-06-23 14:40:00,163.75,163.8,163.41,163.49,3363,LH
2020-06-23 14:45:00,163.44,163.47,163.21,163.22,8949,LH
2020-06-23 14:50:00,163.23,163.27,163.04,163.1,12153,LH
2020-06-23 14:55:00,163.23,163.28,163.1,163.15,7947,LH
2020-06-23 15:00:00,163.07,163.19,162.78,162.81,7135,LH
2020-06-23 15:05:00,162.8,163.07,162.62,162.94,11036,LH
2020-06-23 15:10:00,162.98,163.19,162.76,162.91,7757,LH
2020-06-23 15:15:00,162.96,163.06,162.68,162.78,10522,LH
2020-06-23 15:20:00,162.68,162.84,162.54,162.57,6517,LH
2020-06-23 15:25:00,162.62,162.72,162.52,162.59,9722,LH
2020-06-23 15:30:00,162.64,162.93,162.59,162.76,10835,LH
2020-06-23 15:35:00,162.78,163.11,162.78,162.89,9032,LH
2020-06-23 15:40:00,162.92,163.06,162.78,162.96,12201,LH
2020-06-23 15:45:00,163.04,163.1,162.78,162.97,14195,LH
2020-06-23 15:50:00,162.79,162.79,162.15,162.33,27409,LH
2020-06-23 15:55:00,162.29,162.63,162.1,162.27,54584,LH
2020-06-23 16:00:00,162.27,162.27,162.27,162.27,0,LH
2020-06-23 16:15:00,162.27,162.27,162.27,162.27,0,LH
2020-06-23 16:30:00,162.27,162.98,162.27,162.98,0,LH
2020-06-23 17:05:00,162.27,162.27,162.27,162.27,0,LH
2020-06-23 17:10:00,162.27,162.27,162.27,162.27,0,LH
2020-06-24 09:25:00,162.1,162.1,162.1,162.1,0,LH
2020-06-24 09:30:00,160.33,160.66,159.0,160.24,21138,LH
2020-06-24 09:35:00,160.21,161.45,160.21,161.3,7258,LH
2020-06-24 09:40:00,161.29,161.85,160.62,160.62,15015,LH
2020-06-24 09:45:00,160.35,160.35,159.26,159.26,7187,LH
2020-06-24 09:50:00,159.52,159.58,158.94,158.96,6956,LH
2020-06-24 09:55:00,158.86,159.15,158.69,159.02,19429,LH
2020-06-24 10:00:00,159.14,159.44,159.01,159.04,8848,LH
2020-06-24 10:05:00,159.17,159.93,159.17,159.71,7112,LH
2020-06-24 10:10:00,159.63,160.14,159.62,160.02,7723,LH
2020-06-24 10:15:00,159.99,160.23,159.42,159.74,11132,LH
2020-06-24 10:20:00,159.81,160.29,159.68,160.29,5494,LH
2020-06-24 10:25:00,160.35,160.63,159.96,160.23,7795,LH
2020-06-24 10:30:00,160.07,160.26,159.44,159.44,12640,LH
2020-06-24 10:35:00,159.32,160.05,159.12,159.12,8063,LH
2020-06-24 10:40:00,159.11,159.46,158.92,159.4,6393,LH
2020-06-24 10:45:00,159.38,159.49,159.23,159.29,2446,LH
2020-06-24 10:50:00,159.52,159.75,159.1,159.19,7089,LH
2020-06-24 10:55:00,159.18,159.43,159.03,159.1,5579,LH
2020-06-24 11:00:00,159.1,159.61,159.08,159.46,9680,LH
2020-06-24 11:05:00,159.52,159.55,158.76,158.93,17074,LH
2020-06-24 11:10:00,158.98,159.22,158.82,158.99,11677,LH
2020-06-24 11:15:00,159.12,159.12,158.35,158.64,12248,LH
2020-06-24 11:20:00,158.37,158.6,158.11,158.17,5685,LH
2020-06-24 11:25:00,158.14,158.71,158.14,158.39,10495,LH
2020-06-24 11:30:00,158.33,158.48,157.82,158.08,7690,LH
2020-06-24 11:35:00,158.16,158.35,157.72,157.84,37540,LH
2020-06-24 11:40:00,157.77,157.79,156.62,156.87,42464,LH
2020-06-24 11:45:00,156.86,157.18,156.61,156.75,24813,LH
2020-06-24 11:50:00,157.0,157.1,156.56,156.56,11101,LH
2020-06-24 11:55:00,156.57,157.16,156.57,157.05,29938,LH
2020-06-24 12:00:00,156.98,157.42,156.97,157.38,19391,LH
2020-06-24 12:05:00,157.34,157.34,156.46,156.54,11535,LH
2020-06-24 12:10:00,156.54,156.61,156.24,156.44,4820,LH
2020-06-24 12:15:00,156.44,156.71,156.44,156.61,5779,LH
2020-06-24 12:20:00,156.62,156.95,156.5,156.58,18043,LH
2020-06-24 12:25:00,156.46,156.46,156.0,156.13,6292,LH
2020-06-24 12:30:00,156.24,156.38,155.96,156.38,8185,LH
2020-06-24 12:35:00,156.46,156.8,156.38,156.73,6571,LH
2020-06-24 12:40:00,156.72,157.26,156.72,157.23,9186,LH
2020-06-24 12:45:00,157.2,157.54,157.2,157.29,5763,LH
2020-06-24 12:50:00,157.23,157.28,157.07,157.28,3490,LH
2020-06-24 12:55:00,157.23,157.46,157.22,157.44,10224,LH
2020-06-24 13:00:00,157.4,157.4,157.2,157.26,11379,LH
2020-06-24 13:05:00,157.33,157.35,157.06,157.35,8700,LH
2020-06-24 13:10:00,157.4,157.4,156.81,156.83,5034,LH
2020-06-24 13:15:00,156.87,157.27,156.75,156.97,5912,LH
2020-06-24 13:20:00,156.97,156.97,156.57,156.57,4038,LH
2020-06-24 13:25:00,156.63,156.71,156.37,156.47,10167,LH
2020-06-24 13:30:00,156.34,156.34,155.92,155.98,6825,LH
2020-06-24 13:35:00,155.71,156.15,155.65,156.0,6517,LH
2020-06-24 13:40:00,156.04,156.2,155.99,156.03,3835,LH
2020-06-24 13:45:00,156.09,156.09,155.67,155.97,4999,LH
2020-06-24 13:50:00,155.99,156.12,155.89,156.07,4062,LH
2020-06-24 13:55:00,156.02,156.47,156.02,156.47,4866,LH
2020-06-24 14:00:00,156.57,156.57,155.93,156.02,3898,LH
2020-06-24 14:05:00,156.3,157.16,156.22,157.04,6133,LH
2020-06-24 14:10:00,157.14,157.16,156.82,157.08,3887,LH
2020-06-24 14:15:00,157.16,157.29,156.85,156.88,5441,LH
2020-06-24 14:20:00,156.95,157.28,156.95,157.18,5753,LH
2020-06-24 14:25:00,157.13,157.58,157.01,157.42,6139,LH
2020-06-24 14:30:00,157.3,157.72,157.21,157.71,3867,LH
2020-06-24 14:35:00,157.62,157.62,157.32,157.51,5028,LH
2020-06-24 14:40:00,157.57,157.58,156.96,156.96,4672,LH
2020-06-24 14:45:00,157.02,157.44,156.94,157.22,5516,LH
2020-06-24 14:50:00,157.27,157.3,156.83,157.02,6833,LH
2020-06-24 14:55:00,157.05,157.23,156.77,156.77,10783,LH
2020-06-24 15:00:00,156.99,157.24,156.95,157.08,7226,LH
2020-06-24 15:05:00,157.08,157.14,156.92,156.99,3782,LH
2020-06-24 15:10:00,157.11,157.77,157.02,157.66,6568,LH
2020-06-24 15:15:00,157.75,158.09,157.52,158.04,8337,LH
2020-06-24 15:20:00,158.14,158.27,157.86,157.94,8656,LH
2020-06-24 15:25:00,158.12,158.19,157.75,157.77,8944,LH
2020-06-24 15:30:00,157.79,158.07,157.65,158.07,10766,LH
2020-06-24 15:35:00,157.97,158.04,157.59,157.78,11985,LH
2020-06-24 15:40:00,157.83,158.47,157.75,158.47,14512,LH
2020-06-24 15:45:00,158.5,158.5,157.93,158.05,15752,LH
2020-06-24 15:50:00,157.68,157.75,156.98,157.01,28042,LH
2020-06-24 15:55:00,157.14,157.42,157.02,157.13,57613,LH
2020-06-24 16:00:00,157.09,157.09,157.09,157.09,0,LH
2020-06-24 16:15:00,157.09,157.09,157.09,157.09,0,LH
2020-06-24 16:20:00,157.09,157.57,157.09,157.57,0,LH
2020-06-24 16:35:00,157.09,157.09,157.09,157.09,0,LH
2020-06-25 09:00:00,160.0,160.0,160.0,160.0,0,LH
2020-06-25 09:20:00,157.4,157.4,157.4,157.4,0,LH
2020-06-25 09:30:00,157.08,157.1,155.72,156.09,27111,LH
2020-06-25 09:35:00,156.66,157.3,156.43,157.3,4117,LH
2020-06-25 09:40:00,157.32,157.32,156.28,156.83,8559,LH
2020-06-25 09:45:00,156.7,157.15,156.63,156.81,11441,LH
2020-06-25 09:50:00,156.84,157.82,156.77,157.7,6180,LH
2020-06-25 09:55:00,157.72,157.86,157.46,157.86,5352,LH
2020-06-25 10:00:00,158.2,159.0,157.99,159.0,12416,LH
2020-06-25 10:05:00,158.8,159.07,157.88,158.18,7315,LH
2020-06-25 10:10:00,158.25,159.1,158.25,159.1,4787,LH
2020-06-25 10:15:00,158.8,158.8,157.86,158.21,6473,LH
2020-06-25 10:20:00,158.05,158.72,158.05,158.57,32750,LH
2020-06-25 10:25:00,158.56,158.74,158.35,158.35,3850,LH
2020-06-25 10:30:00,158.36,158.47,157.79,157.85,2440,LH
2020-06-25 10:35:00,157.68,157.89,157.53,157.53,3287,LH
2020-06-25 10:40:00,157.53,157.7,157.21,157.47,4016,LH
2020-06-25 10:45:00,157.31,158.37,157.23,158.07,23173,LH
2020-06-25 10:50:00,158.15,158.53,158.01,158.39,13027,LH
2020-06-25 10:55:00,158.33,158.71,158.24,158.62,10078,LH
2020-06-25 11:00:00,158.59,158.59,158.12,158.54,5257,LH
2020-06-25 11:05:00,158.43,158.51,157.95,158.01,16206,LH
2020-06-25 11:10:00,158.03,158.5,157.65,158.22,6560,LH
2020-06-25 11:15:00,158.15,158.9,158.15,158.9,7266,LH
2020-06-25 11:20:00,158.85,159.22,158.55,158.99,6945,LH
2020-06-25 11:25:00,159.06,159.15,158.75,158.87,10141,LH
2020-06-25 11:30:00,158.77,159.22,158.77,159.01,17960,LH
2020-06-25 11:35:00,158.9,159.0,158.54,158.85,19245,LH
2020-06-25 11:40:00,158.89,158.93,158.72,158.88,5094,LH
2020-06-25 11:45:00,158.55,158.57,158.35,158.48,3936,LH
2020-06-25 11:50:00,158.51,158.8,158.51,158.74,4421,LH
2020-06-25 11:55:00,158.74,158.81,158.53,158.53,2645,LH
2020-06-25 12:00:00,158.57,158.88,158.46,158.88,5649,LH
2020-06-25 12:05:00,158.88,158.99,158.82,158.82,2764,LH
2020-06-25 12:10:00,158.88,158.92,158.72,158.77,2363,LH
2020-06-25 12:15:00,158.87,159.37,158.87,159.35,3800,LH
2020-06-25 12:20:00,159.48,159.72,159.43,159.63,3558,LH
2020-06-25 12:25:00,159.57,159.82,159.52,159.67,4600,LH
2020-06-25 12:30:00,159.72,159.9,159.59,159.63,5903,LH
2020-06-25 12:35:00,159.66,159.84,159.63,159.63,5260,LH
2020-06-25 12:40:00,159.66,160.03,159.64,159.81,3789,LH
2020-06-25 12:45:00,159.85,159.85,159.62,159.67,2645,LH
2020-06-25 12:50:00,159.68,159.8,159.59,159.76,2116,LH
2020-06-25 12:55:00,159.71,159.8,159.59,159.68,5711,LH
2020-06-25 13:00:00,159.54,159.54,159.27,159.27,1977,LH
2020-06-25 13:05:00,159.35,159.55,159.18,159.43,5309,LH
2020-06-25 13:10:00,159.29,159.84,159.23,159.84,5127,LH
2020-06-25 13:15:00,159.83,160.15,159.83,159.91,4149,LH
2020-06-25 13:20:00,159.91,160.64,159.91,160.45,9800,LH
2020-06-25 13:25:00,160.43,161.08,160.33,160.76,24563,LH
2020-06-25 13:30:00,160.66,160.66,159.96,160.34,7102,LH
2020-06-25 13:35:00,160.3,160.86,160.25,160.8,7375,LH
2020-06-25 13:40:00,160.98,161.37,160.81,160.81,7187,LH
2020-06-25 13:45:00,160.91,161.03,160.8,160.8,6334,LH
2020-06-25 13:50:00,160.84,160.84,160.61,160.67,55684,LH
2020-06-25 13:55:00,160.78,160.79,160.35,160.65,7590,LH
2020-06-25 14:00:00,160.7,161.0,160.56,161.0,13452,LH
2020-06-25 14:05:00,161.08,161.28,160.8,160.8,84356,LH
2020-06-25 14:10:00,160.86,160.92,160.64,160.73,37008,LH
2020-06-25 14:15:00,160.73,160.93,160.61,160.61,8815,LH
2020-06-25 14:20:00,160.54,160.55,159.92,160.1,10501,LH
2020-06-25 14:25:00,160.17,160.17,159.69,159.8,6520,LH
2020-06-25 14:30:00,159.8,159.8,159.52,159.52,5646,LH
2020-06-25 14:35:00,159.54,159.6,159.3,159.35,6557,LH
2020-06-25 14:40:00,159.43,159.82,159.43,159.7,3606,LH
2020-06-25 14:45:00,159.63,159.67,159.56,159.56,2796,LH
2020-06-25 14:50:00,159.55,159.71,159.5,159.68,3427,LH
2020-06-25 14:55:00,159.73,159.93,159.52,159.57,4451,LH
2020-06-25 15:00:00,159.5,159.91,159.33,159.8,10991,LH
2020-06-25 15:05:00,159.91,160.58,159.91,160.1,10903,LH
2020-06-25 15:10:00,160.2,160.29,160.04,160.27,5750,LH
2020-06-25 15:15:00,160.19,160.45,160.14,160.22,6794,LH
2020-06-25 15:20:00,160.18,160.55,160.17,160.45,8296,LH
2020-06-25 15:25:00,160.42,160.88,160.42,160.68,12772,LH
2020-06-25 15:30:00,160.69,160.79,160.38,160.52,21606,LH
2020-06-25 15:35:00,160.54,160.56,160.32,160.38,10530,LH
2020-06-25 15:40:00,160.45,160.57,160.39,160.43,13073,LH
2020-06-25 15:45:00,160.44,160.58,160.35,160.4,15077,LH
2020-06-25 15:50:00,160.44,161.0,160.35,160.99,29150,LH
2020-06-25 15:55:00,161.01,161.47,160.96,161.3,84664,LH
2020-06-25 16:00:00,161.32,161.32,161.32,161.32,0,LH
2020-06-25 16:15:00,161.32,161.32,161.32,161.32,0,LH
2020-06-25 16:25:00,160.17,160.17,160.17,160.17,0,LH
2020-06-25 18:00:00,161.32,161.32,161.32,161.32,0,LH
2020-06-25 19:35:00,161.0,161.0,161.0,161.0,0,LH
2020-06-25 19:40:00,161.0,161.0,161.0,161.0,0,LH
2020-06-26 08:25:00,161.75,161.75,161.75,161.75,0,LH
2020-06-26 08:45:00,161.8,161.8,161.8,161.8,0,LH
2020-06-26 09:10:00,161.85,161.85,161.85,161.85,0,LH
2020-06-26 09:30:00,161.05,161.28,160.46,160.55,19773,LH
2020-06-26 09:35:00,160.94,161.94,160.65,161.28,19704,LH
2020-06-26 09:40:00,161.17,162.21,161.16,161.55,20113,LH
2020-06-26 09:45:00,161.41,162.75,161.41,162.75,8385,LH
2020-06-26 09:50:00,162.6,163.16,162.26,162.77,13338,LH
2020-06-26 09:55:00,162.58,163.03,162.41,162.89,6219,LH
2020-06-26 10:00:00,163.0,163.3,162.67,162.86,11715,LH
2020-06-26 10:05:00,162.7,163.64,162.62,163.55,10561,LH
2020-06-26 10:10:00,163.57,163.59,162.85,162.85,7605,LH
2020-06-26 10:15:00,162.81,163.11,162.57,162.62,7406,LH
2020-06-26 10:20:00,162.76,162.82,162.19,162.6,11616,LH
2020-06-26 10:25:00,162.68,162.92,162.62,162.79,8229,LH
2020-06-26 10:30:00,162.98,163.04,162.26,162.56,13009,LH
2020-06-26 10:35:00,162.42,162.7,161.78,161.78,7829,LH
2020-06-26 10:40:00,161.79,162.75,161.79,162.46,6202,LH
2020-06-26 10:45:00,162.5,162.72,161.97,162.14,4964,LH
2020-06-26 10:50:00,162.04,162.46,161.58,161.72,6867,LH
2020-06-26 10:55:00,161.62,162.17,161.53,161.96,6722,LH
2020-06-26 11:00:00,162.03,162.33,162.01,162.32,6268,LH
2020-06-26 11:05:00,162.26,162.84,162.05,162.81,6171,LH
2020-06-26 11:10:00,162.79,163.12,162.56,163.12,7707,LH
2020-06-26 11:15:00,163.07,163.07,162.21,162.62,4674,LH
2020-06-26 11:20:00,162.48,162.94,162.35,162.87,8051,LH
2020-06-26 11:25:00,162.93,163.07,162.73,162.93,7987,LH
2020-06-26 11:30:00,162.93,163.28,162.74,163.15,10658,LH
2020-06-26 11:35:00,163.24,163.5,163.07,163.22,7364,LH
2020-06-26 11:40:00,163.11,163.39,162.95,163.39,17581,LH
2020-06-26 11:45:00,163.12,163.12,162.7,162.99,5602,LH
2020-06-26 11:50:00,163.03,163.03,163.03,163.03,484,LH
2020-06-26 11:55:00,162.03,162.52,161.99,162.25,8817,LH
2020-06-26 12:00:00,162.15,162.15,161.79,161.95,4125,LH
2020-06-26 12:05:00,161.96,161.96,161.66,161.7,4225,LH
2020-06-26 12:10:00,161.68,161.7,161.3,161.47,9323,LH
2020-06-26 12:15:00,161.54,161.66,160.95,161.3,8486,LH
2020-06-26 12:20:00,161.2,161.74,161.15,161.65,6228,LH
2020-06-26 12:25:00,161.54,161.75,161.46,161.62,2571,LH
2020-06-26 12:30:00,161.53,161.53,161.35,161.42,2085,LH
2020-06-26 12:35:00,161.29,162.03,161.29,161.91,10877,LH
2020-06-26 12:40:00,161.86,161.86,161.5,161.5,2821,LH
2020-06-26 12:45:00,161.49,161.69,161.49,161.68,2266,LH
2020-06-26 12:50:00,161.55,161.97,161.39,161.97,4752,LH
2020-06-26 12:55:00,161.9,162.23,161.77,162.22,3814,LH
2020-06-26 13:00:00,162.15,162.32,161.92,162.02,5635,LH
2020-06-26 13:05:00,161.95,162.2,161.95,162.16,3827,LH
2020-06-26 13:10:00,162.12,162.21,162.08,162.14,2921,LH
2020-06-26 13:15:00,162.3,162.35,162.16,162.35,3469,LH
2020-06-26 13:20:00,162.32,162.48,162.18,162.48,3830,LH
2020-06-26 13:25:00,162.27,162.42,162.26,162.38,2351,LH
2020-06-26 13:30:00,162.28,162.35,162.17,162.25,3092,LH
2020-06-26 13:35:00,162.32,162.64,162.16,162.54,5915,LH
2020-06-26 13:40:00,162.59,162.6,162.43,162.43,4250,LH
2020-06-26 13:45:00,162.35,162.65,162.33,162.65,5681,LH
2020-06-26 13:50:00,162.61,162.78,162.5,162.75,7597,LH
2020-06-26 13:55:00,162.77,162.93,162.57,162.63,9928,LH
2020-06-26 14:00:00,162.51,162.68,162.32,162.51,7255,LH
2020-06-26 14:05:00,162.37,162.57,162.32,162.44,6579,LH
2020-06-26 14:10:00,162.48,162.68,162.23,162.23,8010,LH
2020-06-26 14:15:00,162.27,162.43,162.2,162.28,9587,LH
2020-06-26 14:20:00,162.23,162.48,162.16,162.39,6724,LH
2020-06-26 14:25:00,162.44,162.44,162.04,162.16,12860,LH
2020-06-26 14:30:00,162.2,162.2,161.85,162.04,9780,LH
2020-06-26 14:35:00,161.99,161.99,161.71,161.77,5691,LH
2020-06-26 14:40:00,161.8,162.16,161.76,162.02,4800,LH
2020-06-26 14:45:00,162.04,162.04,161.4,161.76,9041,LH
2020-06-26 14:50:00,161.82,162.21,161.8,162.16,8591,LH
2020-06-26 14:55:00,162.14,162.31,161.96,162.19,12711,LH
2020-06-26 15:00:00,162.23,162.58,162.23,162.24,9349,LH
2020-06-26 15:05:00,162.3,162.3,161.82,162.09,6929,LH
2020-06-26 15:10:00,162.16,162.54,162.02,162.54,6681,LH
2020-06-26 15:15:00,162.48,162.48,162.12,162.12,7612,LH
2020-06-26 15:20:00,162.15,162.2,161.87,161.89,8733,LH
2020-06-26 15:25:00,161.76,162.34,161.56,162.18,12289,LH
2020-06-26 15:30:00,162.16,162.2,161.79,161.93,8186,LH
2020-06-26 15:35:00,161.85,161.91,161.44,161.67,11180,LH
2020-06-26 15:40:00,161.6,162.59,161.57,162.59,13190,LH
2020-06-26 15:45:00,162.62,162.94,161.88,162.07,25068,LH
2020-06-26 15:50:00,161.74,162.49,161.14,162.23,31739,LH
2020-06-26 15:55:00,162.25,162.7,161.78,161.96,73096,LH
2020-06-26 16:00:00,161.94,161.96,161.94,161.96,322463,LH
2020-06-26 16:15:00,161.96,161.96,161.96,161.96,0,LH
2020-06-26 16:20:00,161.96,161.96,161.96,161.96,0,LH
2020-06-26 16:25:00,161.98,161.98,161.98,161.98,0,LH
2020-06-26 16:30:00,161.96,161.96,161.96,161.96,0,LH
2020-06-26 16:35:00,162.38,162.38,162.38,162.38,0,LH
2020-06-26 16:40:00,161.96,161.96,161.96,161.96,0,LH
2020-06-26 16:45:00,161.96,161.96,161.96,161.96,0,LH
2020-06-29 09:30:00,163.0,163.09,162.74,162.74,12849,LH
2020-06-29 09:35:00,162.53,162.77,161.88,161.88,5945,LH
2020-06-29 09:40:00,161.52,161.52,159.89,159.9,17465,LH
2020-06-29 09:45:00,159.69,160.3,159.24,159.85,6855,LH
2020-06-29 09:50:00,160.0,160.73,160.0,160.54,6070,LH
2020-06-29 09:55:00,160.8,161.07,160.67,161.07,3904,LH
2020-06-29 10:00:00,161.06,161.19,161.0,161.19,1008,LH
2020-06-29 10:05:00,161.34,161.54,161.21,161.25,2738,LH
2020-06-29 10:10:00,161.21,161.59,161.15,161.58,4618,LH
2020-06-29 10:15:00,161.8,162.07,161.68,161.94,4446,LH
2020-06-29 10:20:00,161.67,161.67,161.49,161.59,3854,LH
2020-06-29 10:25:00,161.83,162.17,161.82,161.95,4532,LH
2020-06-29 10:30:00,162.28,162.35,162.14,162.35,6545,LH
2020-06-29 10:35:00,162.35,162.42,161.77,162.36,10610,LH
2020-06-29 10:40:00,162.09,162.33,161.84,161.86,5190,LH
2020-06-29 10:45:00,161.98,162.26,161.98,162.26,3058,LH
2020-06-29 10:50:00,162.2,162.44,161.67,161.67,3869,LH
2020-06-29 10:55:00,161.57,161.89,161.44,161.44,3728,LH
2020-06-29 11:00:00,161.61,162.16,161.6,161.95,7974,LH
2020-06-29 11:05:00,161.83,162.26,161.83,162.26,5197,LH
2020-06-29 11:10:00,162.07,162.14,161.93,161.98,5000,LH
2020-06-29 11:15:00,162.01,162.17,161.92,162.09,6824,LH
2020-06-29 11:20:00,162.28,162.38,162.19,162.31,6142,LH
2020-06-29 11:25:00,163.04,163.12,162.97,163.1,10669,LH
2020-06-29 11:30:00,163.04,163.04,162.62,162.7,2753,LH
2020-06-29 11:35:00,162.62,162.78,162.49,162.51,3782,LH
2020-06-29 11:40:00,162.74,162.74,162.5,162.52,3072,LH
2020-06-29 11:45:00,162.63,162.69,162.42,162.51,3384,LH
2020-06-29 11:50:00,162.4,162.84,162.4,162.66,15933,LH
2020-06-29 11:55:00,162.68,162.68,162.44,162.5,1623,LH
2020-06-29 12:00:00,162.6,162.99,162.6,162.79,2197,LH
2020-06-29 12:05:00,162.73,162.73,162.51,162.61,3611,LH
2020-06-29 12:10:00,162.54,162.64,162.39,162.56,1575,LH
2020-06-29 12:15:00,162.51,162.87,162.38,162.87,3879,LH
2020-06-29 12:20:00,162.72,162.76,162.61,162.61,1262,LH
2020-06-29 12:25:00,162.47,162.52,162.37,162.45,4006,LH
2020-06-29 12:30:00,162.53,162.68,162.53,162.63,1836,LH
2020-06-29 12:35:00,162.63,162.93,162.57,162.74,4057,LH
2020-06-29 12:40:00,162.62,162.62,162.3,162.32,3195,LH
2020-06-29 12:45:00,162.3,162.53,162.3,162.53,2350,LH
2020-06-29 12:50:00,162.46,162.52,162.4,162.52,1953,LH
2020-06-29 12:55:00,162.57,162.63,162.3,162.37,2074,LH
2020-06-29 13:00:00,162.36,162.43,162.05,162.09,5742,LH
2020-06-29 13:05:00,162.02,162.15,161.96,161.96,1476,LH
2020-06-29 13:10:00,161.96,161.96,161.76,161.77,3739,LH
2020-06-29 13:15:00,161.79,161.92,161.7,161.91,4194,LH
2020-06-29 13:20:00,161.8,162.01,161.8,161.97,2682,LH
2020-06-29 13:25:00,161.94,161.97,161.7,161.9,2657,LH
2020-06-29 13:30:00,161.91,161.97,161.83,161.89,2405,LH
2020-06-29 13:35:00,161.89,162.09,161.87,161.98,4545,LH
2020-06-29 13:40:00,161.97,161.98,161.79,161.9,3062,LH
2020-06-29 13:45:00,161.96,161.96,161.66,161.75,3144,LH
2020-06-29 13:50:00,161.67,161.76,161.6,161.61,2820,LH
2020-06-29 13:55:00,161.62,161.62,161.41,161.41,3288,LH
2020-06-29 14:00:00,161.41,161.7,161.41,161.62,4937,LH
2020-06-29 14:05:00,161.59,161.69,161.44,161.6,3195,LH
2020-06-29 14:10:00,161.65,161.68,161.54,161.55,2357,LH
2020-06-29 14:15:00,161.52,161.53,161.36,161.36,2832,LH
2020-06-29 14:20:00,161.29,161.47,161.25,161.25,4505,LH
2020-06-29 14:25:00,161.31,161.31,161.02,161.12,4711,LH
2020-06-29 14:30:00,161.17,161.32,161.17,161.21,5587,LH
2020-06-29 14:35:00,161.16,161.51,161.16,161.51,3750,LH
2020-06-29 14:40:00,161.54,161.8,161.54,161.8,3113,LH
2020-06-29 14:45:00,161.75,161.75,161.49,161.55,1974,LH
2020-06-29 14:50:00,161.56,161.62,161.39,161.62,3012,LH
2020-06-29 14:55:00,161.6,161.68,161.49,161.5,6427,LH
2020-06-29 15:00:00,161.43,161.55,161.13,161.13,3377,LH
2020-06-29 15:05:00,161.02,161.21,161.02,161.17,3328,LH
2020-06-29 15:10:00,161.1,161.12,160.91,160.95,5939,LH
2020-06-29 15:15:00,160.97,161.14,160.97,161.12,7222,LH
2020-06-29 15:20:00,161.07,161.37,161.07,161.31,4502,LH
2020-06-29 15:25:00,161.39,161.72,161.36,161.46,6888,LH
2020-06-29 15:30:00,161.54,161.82,161.54,161.81,5771,LH
2020-06-29 15:35:00,161.75,161.93,161.52,161.64,8076,LH
2020-06-29 15:40:00,161.64,161.78,161.46,161.6,4640,LH
2020-06-29 15:45:00,161.63,161.73,161.32,161.32,8447,LH
2020-06-29 15:50:00,161.38,161.87,161.21,161.84,27411,LH
2020-06-29 15:55:00,161.84,162.05,161.71,162.05,34055,LH
2020-06-29 16:00:00,162.03,162.03,162.03,162.03,0,LH
2020-06-29 16:15:00,162.03,162.03,162.03,162.03,0,LH
2020-06-29 16:25:00,161.92,161.92,161.92,161.92,0,LH
2020-06-29 16:45:00,162.03,162.03,162.03,162.03,0,LH
2020-06-29 17:10:00,162.03,162.03,162.03,162.03,0,LH
2020-06-30 09:30:00,162.27,163.5,161.9,162.8,10599,LH
2020-06-30 09:35:00,162.19,162.9,162.19,162.32,5349,LH
2020-06-30 09:40:00,162.4,162.4,161.7,162.04,5057,LH
2020-06-30 09:45:00,162.28,162.61,161.61,161.61,4459,LH
2020-06-30 09:50:00,161.92,162.12,161.46,162.02,3935,LH
2020-06-30 09:55:00,162.51,162.51,161.18,161.61,7491,LH
2020-06-30 10:00:00,161.33,161.69,160.88,161.53,5496,LH
2020-06-30 10:05:00,161.47,162.51,161.47,162.41,4254,LH
2020-06-30 10:10:00,162.48,162.57,162.16,162.5,3246,LH
2020-06-30 10:15:00,162.56,162.72,162.54,162.64,4721,LH
2020-06-30 10:20:00,162.75,163.06,162.73,162.89,4941,LH
2020-06-30 10:25:00,162.92,162.96,162.6,162.7,4069,LH
2020-06-30 10:30:00,162.76,162.9,162.76,162.9,2293,LH
2020-06-30 10:35:00,162.7,163.03,162.66,162.9,5144,LH
2020-06-30 10:40:00,162.91,163.58,162.91,163.47,9358,LH
2020-06-30 10:45:00,163.38,163.53,163.26,163.36,3007,LH
2020-06-30 10:50:00,163.54,164.16,163.54,163.93,7299,LH
2020-06-30 10:55:00,164.04,164.5,164.04,164.43,5552,LH
2020-06-30 11:00:00,164.5,165.03,164.48,164.99,7759,LH
2020-06-30 11:05:00,165.16,165.34,164.89,165.34,5284,LH
2020-06-30 11:10:00,165.37,165.37,165.2,165.25,5670,LH
2020-06-30 11:15:00,165.28,165.45,165.26,165.45,3461,LH
2020-06-30 11:20:00,165.45,165.64,165.24,165.63,7080,LH
2020-06-30 11:25:00,165.47,165.5,165.17,165.24,8053,LH
2020-06-30 11:30:00,165.25,165.59,164.94,165.58,15481,LH
2020-06-30 11:35:00,165.58,165.81,165.5,165.75,6244,LH
2020-06-30 11:40:00,165.82,165.83,165.5,165.54,3585,LH
2020-06-30 11:45:00,165.52,165.56,165.13,165.19,6362,LH
2020-06-30 11:50:00,165.24,165.47,165.16,165.33,4736,LH
2020-06-30 11:55:00,165.46,165.48,165.32,165.33,4878,LH
2020-06-30 12:00:00,165.26,165.27,165.02,165.09,3830,LH
2020-06-30 12:05:00,165.09,165.54,165.09,165.44,3260,LH
2020-06-30 12:10:00,165.49,165.75,165.44,165.75,5602,LH
2020-06-30 12:15:00,165.78,165.96,165.65,165.68,7431,LH
2020-06-30 12:20:00,165.58,165.58,165.22,165.22,4424,LH
2020-06-30 12:25:00,165.32,165.32,165.1,165.25,5557,LH
2020-06-30 12:30:00,165.29,165.57,165.29,165.36,7058,LH
2020-06-30 12:35:00,165.38,165.61,165.35,165.35,6074,LH
2020-06-30 12:40:00,165.35,165.35,165.02,165.1,7032,LH
2020-06-30 12:45:00,165.04,165.53,164.93,165.36,33640,LH
2020-06-30 12:50:00,165.3,165.72,165.15,165.15,30316,LH
2020-06-30 12:55:00,165.19,165.3,165.1,165.2,2628,LH
2020-06-30 13:00:00,165.13,165.13,164.98,164.98,1677,LH
2020-06-30 13:05:00,164.99,165.18,164.88,164.96,6530,LH
2020-06-30 13:10:00,164.98,165.07,164.95,165.0,4054,LH
2020-06-30 13:15:00,165.0,165.06,164.88,165.03,4822,LH
2020-06-30 13:20:00,165.05,165.13,164.95,164.99,6340,LH
2020-06-30 13:25:00,164.99,165.15,164.92,165.07,3980,LH
2020-06-30 13:30:00,165.07,165.11,164.94,164.99,3921,LH
2020-06-30 13:35:00,164.99,165.16,164.96,164.99,6007,LH
2020-06-30 13:40:00,165.0,165.12,164.95,164.99,5748,LH
2020-06-30 13:45:00,164.99,165.11,164.98,165.05,3335,LH
2020-06-30 13:50:00,165.0,165.36,165.0,165.36,5374,LH
2020-06-30 13:55:00,165.38,165.44,165.29,165.35,2722,LH
2020-06-30 14:00:00,165.32,165.32,165.03,165.05,3916,LH
2020-06-30 14:05:00,165.11,165.18,164.99,165.15,4405,LH
2020-06-30 14:10:00,165.16,165.31,165.02,165.26,6836,LH
2020-06-30 14:15:00,165.23,165.5,165.19,165.41,7618,LH
2020-06-30 14:20:00,165.37,165.52,165.24,165.52,3231,LH
2020-06-30 14:25:00,165.58,165.82,165.57,165.74,4708,LH
2020-06-30 14:30:00,165.73,165.77,165.63,165.68,4927,LH
2020-06-30 14:35:00,165.64,165.64,165.48,165.53,4908,LH
2020-06-30 14:40:00,165.62,165.76,165.54,165.69,8530,LH
2020-06-30 14:45:00,165.64,165.77,165.62,165.65,4467,LH
2020-06-30 14:50:00,165.65,165.86,165.6,165.71,6527,LH
2020-06-30 14:55:00,165.74,165.74,165.62,165.68,6261,LH
2020-06-30 15:00:00,165.72,165.9,165.36,165.37,9917,LH
2020-06-30 15:05:00,165.4,165.54,165.3,165.45,9049,LH
2020-06-30 15:10:00,165.42,165.7,165.41,165.65,6879,LH
2020-06-30 15:15:00,165.67,165.76,165.53,165.72,8016,LH
2020-06-30 15:20:00,165.66,165.97,165.61,165.96,7464,LH
2020-06-30 15:25:00,165.98,166.2,165.96,166.08,13286,LH
2020-06-30 15:30:00,166.07,166.36,165.97,166.21,16629,LH
2020-06-30 15:35:00,166.25,166.33,165.89,165.93,15303,LH
2020-06-30 15:40:00,165.91,166.06,165.85,165.95,16018,LH
2020-06-30 15:45:00,165.91,166.26,165.84,166.0,26373,LH
2020-06-30 15:50:00,166.25,166.79,166.11,166.7,42082,LH
2020-06-30 15:55:00,166.84,166.88,165.81,166.11,103144,LH
2020-06-30 16:00:00,166.11,166.11,166.11,166.11,0,LH
2020-06-30 16:15:00,166.11,166.11,166.11,166.11,0,LH
2020-06-30 16:30:00,165.66,165.66,165.66,165.66,0,LH
2020-06-30 16:55:00,166.11,166.11,166.11,166.11,0,LH
2020-06-30 17:15:00,166.11,166.11,166.11,166.11,0,LH
2020-07-01 08:50:00,166.11,166.11,166.11,166.11,0,LH
2020-07-01 09:30:00,165.98,166.82,165.89,166.31,21553,LH
2020-07-01 09:35:00,166.55,166.76,165.76,165.93,4258,LH
2020-07-01 09:40:00,165.94,167.0,165.94,166.9,5434,LH
2020-07-01 09:45:00,166.86,167.02,166.4,166.59,7796,LH
2020-07-01 09:50:00,166.62,166.99,165.75,165.75,3150,LH
2020-07-01 09:55:00,165.51,166.25,165.51,166.25,8025,LH
2020-07-01 10:00:00,166.47,166.79,166.21,166.43,3509,LH
2020-07-01 10:05:00,166.33,166.62,165.79,165.79,9508,LH
2020-07-01 10:10:00,165.58,166.37,165.58,166.09,8403,LH
2020-07-01 10:15:00,165.99,166.16,165.27,165.27,8348,LH
2020-07-01 10:20:00,165.25,165.53,165.05,165.11,13251,LH
2020-07-01 10:25:00,165.21,165.54,165.2,165.21,8384,LH
2020-07-01 10:30:00,165.21,165.36,164.35,164.46,14755,LH
2020-07-01 10:35:00,164.18,164.49,164.18,164.43,11255,LH
2020-07-01 10:40:00,164.49,164.49,163.86,163.9,8873,LH
2020-07-01 10:45:00,163.78,163.95,163.25,163.64,10447,LH
2020-07-01 10:50:00,163.56,163.99,163.46,163.99,10394,LH
2020-07-01 10:55:00,163.92,163.95,163.62,163.82,9611,LH
2020-07-01 11:00:00,163.97,163.97,163.43,163.86,31861,LH
2020-07-01 11:05:00,163.77,164.04,163.76,163.97,5037,LH
2020-07-01 11:10:00,164.09,164.3,163.64,164.29,21338,LH
2020-07-01 11:15:00,164.36,164.45,163.91,163.95,8663,LH
2020-07-01 11:20:00,163.89,164.17,163.89,164.14,4811,LH
2020-07-01 11:25:00,164.27,164.27,163.66,163.66,9253,LH
2020-07-01 11:30:00,163.87,164.32,163.87,164.23,4237,LH
2020-07-01 11:35:00,164.32,164.37,164.19,164.36,4621,LH
2020-07-01 11:40:00,164.3,164.59,164.24,164.54,4271,LH
2020-07-01 11:45:00,164.59,164.9,164.57,164.9,3595,LH
2020-07-01 11:50:00,164.95,165.25,164.8,165.25,6112,LH
2020-07-01 11:55:00,165.21,165.47,165.17,165.4,6842,LH
2020-07-01 12:00:00,165.41,165.47,165.32,165.47,3291,LH
2020-07-01 12:05:00,165.51,165.51,165.51,165.51,841,LH
2020-07-01 12:10:00,165.74,166.01,165.74,165.82,5184,LH
2020-07-01 12:15:00,165.77,165.97,165.66,165.9,2748,LH
2020-07-01 12:20:00,165.93,165.97,165.68,165.68,3045,LH
2020-07-01 12:25:00,165.81,165.92,165.79,165.79,2147,LH
2020-07-01 12:30:00,165.78,165.91,165.78,165.84,2924,LH
2020-07-01 12:35:00,165.86,166.04,165.8,165.96,4872,LH
2020-07-01 12:40:00,165.93,165.93,165.78,165.78,1676,LH
2020-07-01 12:45:00,165.63,165.63,165.25,165.47,5730,LH
2020-07-01 12:50:00,165.7,166.21,165.55,166.21,8837,LH
2020-07-01 12:55:00,166.46,166.65,166.24,166.62,17729,LH
2020-07-01 13:00:00,166.72,166.72,166.35,166.65,5495,LH
2020-07-01 13:05:00,166.65,166.76,166.42,166.59,5109,LH
2020-07-01 13:10:00,166.52,166.63,166.5,166.62,3431,LH
2020-07-01 13:15:00,166.58,166.65,166.46,166.57,6831,LH
2020-07-01 13:20:00,166.59,166.76,166.51,166.7,4605,LH
2020-07-01 13:25:00,166.75,166.8,166.55,166.63,6605,LH
2020-07-01 13:30:00,166.62,166.74,166.55,166.74,7700,LH
2020-07-01 13:35:00,166.8,166.83,166.69,166.81,5791,LH
2020-07-01 13:40:00,166.78,166.83,166.4,166.47,3516,LH
2020-07-01 13:45:00,166.56,166.66,166.44,166.6,4301,LH
2020-07-01 13:50:00,166.53,166.7,166.53,166.7,3235,LH
2020-07-01 13:55:00,166.68,166.81,166.68,166.77,3475,LH
2020-07-01 14:00:00,166.79,167.04,166.72,166.95,6209,LH
2020-07-01 14:05:00,166.99,167.11,166.74,167.11,5286,LH
2020-07-01 14:10:00,167.04,167.17,166.92,167.07,2867,LH
2020-07-01 14:15:00,167.04,167.12,166.09,166.42,22082,LH
2020-07-01 14:20:00,166.41,166.6,166.38,166.53,6921,LH
2020-07-01 14:25:00,166.58,166.87,166.54,166.81,5918,LH
2020-07-01 14:30:00,166.82,166.93,166.62,166.69,8785,LH
2020-07-01 14:35:00,166.58,166.76,166.5,166.62,6072,LH
2020-07-01 14:40:00,166.66,166.82,166.66,166.77,3444,LH
2020-07-01 14:45:00,166.78,166.88,166.72,166.88,2622,LH
2020-07-01 14:50:00,166.84,166.85,166.67,166.71,7364,LH
2020-07-01 14:55:00,166.75,166.88,166.72,166.72,3858,LH
2020-07-01 15:00:00,166.74,167.02,166.74,166.92,6388,LH
2020-07-01 15:05:00,166.92,167.13,166.88,167.1,7723,LH
2020-07-01 15:10:00,167.11,167.12,166.94,167.04,4431,LH
2020-07-01 15:15:00,167.04,167.07,166.73,166.91,6003,LH
2020-07-01 15:20:00,166.88,167.12,166.88,167.11,5298,LH
2020-07-01 15:25:00,167.11,167.25,167.07,167.17,6038,LH
2020-07-01 15:30:00,167.17,167.55,167.08,167.41,15231,LH
2020-07-01 15:35:00,167.4,167.42,167.05,167.21,24239,LH
2020-07-01 15:40:00,167.2,167.32,167.07,167.17,6827,LH
2020-07-01 15:45:00,167.17,168.04,167.1,167.87,32313,LH
2020-07-01 15:50:00,167.92,168.0,167.12,167.18,28294,LH
2020-07-01 15:55:00,167.21,167.21,166.79,167.0,41708,LH
2020-07-01 16:00:00,167.07,167.07,167.03,167.03,45608,LH
2020-07-01 16:15:00,167.03,167.03,167.03,167.03,0,LH
2020-07-01 16:20:00,167.03,167.03,167.03,167.03,0,LH
2020-07-01 16:25:00,167.03,167.03,167.03,167.03,0,LH
2020-07-01 17:15:00,167.03,167.03,167.03,167.03,0,LH
