Date,Open,High,Low,Close,Volume,Name
2017-08-10 07:00:00,24.13,24.13,24.13,24.13,0,NRG
2017-08-10 09:30:00,24.17,24.38,24.17,24.26,418203,NRG
2017-08-10 10:30:00,24.26,24.43,24.21,24.25,336650,NRG
2017-08-10 11:30:00,24.27,24.33,24.22,24.27,274409,NRG
2017-08-10 12:30:00,24.25,24.3,24.17,24.3,250468,NRG
2017-08-10 13:30:00,24.29,24.38,24.26,24.33,389168,NRG
2017-08-10 14:30:00,24.33,25.65,24.3,24.58,2827987,NRG
2017-08-10 15:30:00,24.57,24.61,24.28,24.38,1506453,NRG
2017-08-10 16:00:00,24.38,24.39,23.66,24.39,0,NRG
2017-08-10 17:00:00,24.39,24.68,24.39,24.68,0,NRG
2017-08-11 04:00:00,24.02,24.02,24.02,24.02,0,NRG
2017-08-11 09:00:00,24.84,24.84,24.06,24.06,0,NRG
2017-08-11 09:30:00,24.46,24.81,24.26,24.68,836578,NRG
2017-08-11 10:30:00,24.7,24.76,24.55,24.58,522754,NRG
2017-08-11 11:30:00,24.58,24.66,24.51,24.55,226439,NRG
2017-08-11 12:30:00,24.56,24.64,24.54,24.6,208530,NRG
2017-08-11 13:30:00,24.61,24.7,24.59,24.65,225479,NRG
2017-08-11 14:30:00,24.64,24.8,24.61,24.74,357712,NRG
2017-08-11 15:30:00,24.74,24.78,24.67,24.68,759361,NRG
2017-08-11 16:00:00,24.67,24.67,24.64,24.67,0,NRG
2017-08-14 08:00:00,24.44,24.44,24.44,24.44,0,NRG
2017-08-14 09:30:00,24.81,25.05,24.78,24.92,753520,NRG
2017-08-14 10:30:00,24.91,25.22,24.91,25.12,805601,NRG
2017-08-14 11:30:00,25.12,25.2,25.09,25.12,415747,NRG
2017-08-14 12:30:00,25.12,25.15,25.09,25.14,302341,NRG
2017-08-14 13:30:00,25.15,25.38,25.12,25.32,722612,NRG
2017-08-14 14:30:00,25.31,25.53,25.31,25.46,660710,NRG
2017-08-14 15:30:00,25.46,25.6,25.42,25.47,1383700,NRG
2017-08-14 16:00:00,25.47,25.47,25.47,25.47,0,NRG
2017-08-14 17:00:00,25.47,25.6,25.47,25.6,0,NRG
2017-08-15 04:00:00,25.96,25.96,25.96,25.96,0,NRG
2017-08-15 08:00:00,25.42,25.42,25.42,25.42,0,NRG
2017-08-15 09:00:00,25.52,25.52,25.47,25.47,0,NRG
2017-08-15 09:30:00,25.35,25.45,25.13,25.25,616734,NRG
2017-08-15 10:30:00,25.26,25.26,25.05,25.16,471089,NRG
2017-08-15 11:30:00,25.17,25.34,25.17,25.29,332595,NRG
2017-08-15 12:30:00,25.28,25.36,25.26,25.31,301205,NRG
2017-08-15 13:30:00,25.3,25.52,25.3,25.44,356116,NRG
2017-08-15 14:30:00,25.45,25.56,25.38,25.55,361483,NRG
2017-08-15 15:30:00,25.56,25.57,25.45,25.49,666657,NRG
2017-08-15 16:00:00,25.47,25.47,25.47,25.47,0,NRG
2017-08-15 17:00:00,25.48,25.48,25.48,25.48,0,NRG
2017-08-16 04:00:00,25.92,25.92,25.92,25.92,0,NRG
2017-08-16 07:00:00,25.58,25.58,25.58,25.58,0,NRG
2017-08-16 09:00:00,25.57,25.73,25.55,25.55,0,NRG
2017-08-16 09:30:00,25.73,25.92,25.63,25.65,535822,NRG
2017-08-16 10:30:00,25.64,25.7,25.54,25.59,298613,NRG
2017-08-16 11:30:00,25.6,25.7,25.57,25.66,268253,NRG
2017-08-16 12:30:00,25.66,25.67,25.58,25.62,353829,NRG
2017-08-16 13:30:00,25.61,25.74,25.58,25.6,588142,NRG
2017-08-16 14:30:00,25.58,25.67,25.57,25.59,454099,NRG
2017-08-16 15:30:00,25.59,25.72,25.57,25.68,1020385,NRG
2017-08-16 16:00:00,25.64,25.69,25.64,25.67,0,NRG
2017-08-16 17:00:00,25.65,25.65,25.65,25.65,0,NRG
2017-08-17 04:00:00,25.99,26.0,25.99,26.0,0,NRG
2017-08-17 08:00:00,25.65,25.65,25.65,25.65,0,NRG
2017-08-17 09:00:00,25.65,25.65,25.65,25.65,0,NRG
2017-08-17 09:30:00,25.52,25.74,25.39,25.48,526497,NRG
2017-08-17 10:30:00,25.49,25.66,25.43,25.53,363201,NRG
2017-08-17 11:30:00,25.53,25.57,25.4,25.42,269121,NRG
2017-08-17 12:30:00,25.44,25.44,25.24,25.32,327855,NRG
2017-08-17 13:30:00,25.31,25.35,25.26,25.35,299024,NRG
2017-08-17 14:30:00,25.34,25.36,25.2,25.24,458094,NRG
2017-08-17 15:30:00,25.24,25.31,25.17,25.26,1004840,NRG
2017-08-17 16:00:00,25.25,25.38,25.25,25.38,0,NRG
2017-08-17 19:00:00,25.26,25.26,25.26,25.26,0,NRG
2017-08-18 06:00:00,25.3,25.3,25.3,25.3,0,NRG
2017-08-18 07:00:00,25.3,25.3,25.3,25.3,0,NRG
2017-08-18 09:00:00,25.63,25.63,25.27,25.27,0,NRG
2017-08-18 09:30:00,25.39,25.6,25.16,25.43,574942,NRG
2017-08-18 10:30:00,25.45,25.83,25.45,25.77,650506,NRG
2017-08-18 11:30:00,25.76,25.98,25.72,25.89,716781,NRG
2017-08-18 12:30:00,25.89,25.97,25.8,25.83,510308,NRG
2017-08-18 13:30:00,25.83,25.98,25.81,25.93,805592,NRG
2017-08-18 14:30:00,25.95,25.96,25.72,25.82,966742,NRG
2017-08-18 15:30:00,25.82,25.85,25.75,25.78,935135,NRG
2017-08-18 16:00:00,25.77,25.77,25.75,25.77,0,NRG
2017-08-21 09:00:00,26.0,26.0,25.77,25.77,0,NRG
2017-08-21 09:30:00,25.68,25.81,25.32,25.42,671340,NRG
2017-08-21 10:30:00,25.41,25.69,25.39,25.53,665740,NRG
2017-08-21 11:30:00,25.53,25.66,25.53,25.62,423838,NRG
2017-08-21 12:30:00,25.61,25.66,25.56,25.59,437987,NRG
2017-08-21 13:30:00,25.59,25.6,25.44,25.56,625388,NRG
2017-08-21 14:30:00,25.56,25.74,25.56,25.74,764404,NRG
2017-08-21 15:30:00,25.73,25.76,25.68,25.73,659442,NRG
2017-08-21 16:00:00,25.72,25.78,25.61,25.72,0,NRG
2017-08-22 05:00:00,25.72,25.72,25.72,25.72,0,NRG
2017-08-22 08:00:00,25.99,25.99,25.99,25.99,0,NRG
2017-08-22 09:00:00,25.98,25.98,25.72,25.73,0,NRG
2017-08-22 09:30:00,25.76,25.92,25.75,25.9,361705,NRG
2017-08-22 10:30:00,25.9,26.2,25.89,26.19,556817,NRG
2017-08-22 11:30:00,26.2,26.25,25.99,25.99,561873,NRG
2017-08-22 12:30:00,26.0,26.08,25.88,25.93,921737,NRG
2017-08-22 13:30:00,25.94,26.01,25.84,25.93,1065675,NRG
2017-08-22 14:30:00,25.94,25.95,25.7,25.76,1281933,NRG
2017-08-22 15:30:00,25.77,25.93,25.76,25.85,1347823,NRG
2017-08-22 16:00:00,25.86,25.99,25.86,25.92,0,NRG
2017-08-22 17:00:00,25.87,25.87,25.87,25.87,0,NRG
2017-08-23 08:00:00,26.19,26.19,26.19,26.19,0,NRG
2017-08-23 09:00:00,26.24,26.24,26.24,26.24,0,NRG
2017-08-23 09:30:00,25.8,25.8,25.4,25.69,883150,NRG
2017-08-23 10:30:00,25.7,25.82,25.67,25.8,906228,NRG
2017-08-23 11:30:00,25.79,26.0,25.74,25.78,2406839,NRG
2017-08-23 12:30:00,25.77,25.86,25.62,25.78,1401753,NRG
2017-08-23 13:30:00,25.79,25.8,25.67,25.67,760016,NRG
2017-08-23 14:30:00,25.67,25.75,25.53,25.66,1110379,NRG
2017-08-23 15:30:00,25.66,25.71,25.54,25.6,1286510,NRG
2017-08-23 16:00:00,25.61,25.75,25.61,25.61,0,NRG
2017-08-23 17:00:00,25.59,25.59,25.59,25.59,0,NRG
2017-08-23 18:00:00,25.36,25.36,25.36,25.36,0,NRG
2017-08-24 08:00:00,25.87,25.87,25.87,25.87,0,NRG
2017-08-24 09:00:00,25.37,25.87,25.26,25.87,0,NRG
2017-08-24 09:30:00,25.57,25.65,25.12,25.27,827784,NRG
2017-08-24 10:30:00,25.28,25.45,25.24,25.35,476832,NRG
2017-08-24 11:30:00,25.34,25.38,25.28,25.31,391216,NRG
2017-08-24 12:30:00,25.3,25.33,25.18,25.19,612580,NRG
2017-08-24 13:30:00,25.18,25.33,25.07,25.33,579244,NRG
2017-08-24 14:30:00,25.32,25.4,25.3,25.4,386122,NRG
2017-08-24 15:30:00,25.4,25.51,25.35,25.44,896965,NRG
2017-08-24 16:00:00,25.43,25.43,25.32,25.34,0,NRG
2017-08-24 17:00:00,25.43,25.43,25.43,25.43,0,NRG
2017-08-25 08:00:00,25.51,25.51,25.5,25.5,0,NRG
2017-08-25 09:30:00,25.34,25.34,24.59,24.64,1470612,NRG
2017-08-25 10:30:00,24.65,24.75,24.58,24.62,881132,NRG
2017-08-25 11:30:00,24.61,24.66,24.55,24.57,549277,NRG
2017-08-25 12:30:00,24.57,24.57,24.36,24.47,734131,NRG
2017-08-25 13:30:00,24.47,24.67,24.47,24.49,846425,NRG
2017-08-25 14:30:00,24.5,24.67,24.48,24.62,615844,NRG
2017-08-25 15:30:00,24.62,24.76,24.58,24.58,1337161,NRG
2017-08-25 16:00:00,24.55,24.74,24.55,24.74,0,NRG
2017-08-25 17:00:00,24.58,24.58,24.58,24.58,0,NRG
2017-08-28 08:00:00,24.8,24.8,24.49,24.5,0,NRG
2017-08-28 09:00:00,24.17,24.5,24.17,24.5,0,NRG
2017-08-28 09:30:00,24.63,24.81,24.56,24.68,509038,NRG
2017-08-28 10:30:00,24.67,24.67,24.53,24.63,381772,NRG
2017-08-28 11:30:00,24.64,24.69,24.54,24.55,572321,NRG
2017-08-28 12:30:00,24.55,24.55,24.43,24.49,349820,NRG
2017-08-28 13:30:00,24.49,24.51,24.45,24.49,288400,NRG
2017-08-28 14:30:00,24.48,24.53,24.45,24.53,404390,NRG
2017-08-28 15:30:00,24.53,24.58,24.5,24.57,775880,NRG
2017-08-28 16:00:00,24.57,24.57,24.57,24.57,0,NRG
2017-08-29 05:00:00,24.67,24.67,24.67,24.67,0,NRG
2017-08-29 08:00:00,24.57,24.67,24.57,24.66,0,NRG
2017-08-29 09:30:00,24.4,24.68,24.32,24.64,558920,NRG
2017-08-29 10:30:00,24.62,24.83,24.59,24.81,341419,NRG
2017-08-29 11:30:00,24.82,25.0,24.81,24.97,511532,NRG
2017-08-29 12:30:00,24.97,25.13,24.97,25.08,906263,NRG
2017-08-29 13:30:00,25.08,25.08,24.93,24.98,391786,NRG
2017-08-29 14:30:00,24.98,25.07,24.88,24.99,756171,NRG
2017-08-29 15:30:00,24.99,25.05,24.92,24.94,862460,NRG
2017-08-29 16:00:00,24.95,24.95,24.91,24.95,0,NRG
2017-08-30 09:30:00,24.9,24.97,24.63,24.7,322217,NRG
2017-08-30 10:30:00,24.7,24.81,24.69,24.74,293270,NRG
2017-08-30 11:30:00,24.76,24.86,24.69,24.71,236094,NRG
2017-08-30 12:30:00,24.73,24.76,24.67,24.69,225902,NRG
2017-08-30 13:30:00,24.68,24.81,24.67,24.78,338591,NRG
2017-08-30 14:30:00,24.79,24.9,24.78,24.87,444432,NRG
2017-08-30 15:30:00,24.87,24.92,24.8,24.84,751346,NRG
2017-08-30 16:00:00,24.85,24.85,24.8,24.85,0,NRG
2017-08-31 05:00:00,24.6,24.6,24.6,24.6,0,NRG
2017-08-31 09:30:00,24.72,24.86,24.68,24.74,330364,NRG
2017-08-31 10:30:00,24.72,24.92,24.72,24.85,335959,NRG
2017-08-31 11:30:00,24.84,25.06,24.8,24.98,601912,NRG
2017-08-31 12:30:00,24.99,25.01,24.92,24.93,332378,NRG
2017-08-31 13:30:00,24.94,24.97,24.89,24.93,304174,NRG
2017-08-31 14:30:00,24.92,24.98,24.9,24.94,388829,NRG
2017-08-31 15:30:00,24.95,25.0,24.89,24.9,790455,NRG
2017-08-31 16:00:00,24.91,24.93,24.91,24.91,0,NRG
2017-08-31 17:00:00,25.19,25.19,24.91,24.91,0,NRG
2017-09-01 08:00:00,24.91,24.91,24.91,24.91,0,NRG
2017-09-01 09:30:00,24.83,24.84,24.66,24.76,408188,NRG
2017-09-01 10:30:00,24.75,24.92,24.61,24.72,363453,NRG
2017-09-01 11:30:00,24.7,24.89,24.67,24.88,334120,NRG
2017-09-01 12:30:00,24.88,24.88,24.7,24.74,227100,NRG
2017-09-01 13:30:00,24.73,24.83,24.69,24.8,238503,NRG
2017-09-01 14:30:00,24.79,24.84,24.78,24.81,268114,NRG
2017-09-01 15:30:00,24.82,24.85,24.76,24.8,508217,NRG
2017-09-01 16:00:00,24.83,24.83,24.78,24.78,0,NRG
2017-09-05 08:00:00,25.11,25.11,25.11,25.11,0,NRG
2017-09-05 09:00:00,25.13,25.13,25.13,25.13,0,NRG
2017-09-05 09:30:00,24.93,24.95,24.46,24.53,724659,NRG
2017-09-05 10:30:00,24.54,24.61,24.39,24.42,503054,NRG
2017-09-05 11:30:00,24.42,24.42,24.09,24.14,483901,NRG
2017-09-05 12:30:00,24.14,24.28,24.07,24.26,294510,NRG
2017-09-05 13:30:00,24.26,24.38,24.24,24.37,424087,NRG
2017-09-05 14:30:00,24.38,24.41,24.3,24.4,421464,NRG
2017-09-05 15:30:00,24.41,24.43,24.35,24.4,637999,NRG
2017-09-05 16:00:00,24.4,24.42,24.37,24.4,0,NRG
2017-09-06 08:00:00,24.95,24.95,24.95,24.95,0,NRG
2017-09-06 09:00:00,24.4,24.4,24.4,24.4,0,NRG
2017-09-06 09:30:00,24.46,24.47,24.0,24.25,860806,NRG
2017-09-06 10:30:00,24.24,24.33,24.11,24.15,685088,NRG
2017-09-06 11:30:00,24.16,24.27,24.11,24.24,394502,NRG
2017-09-06 12:30:00,24.22,24.38,23.82,23.83,1228295,NRG
2017-09-06 13:30:00,23.81,23.89,23.65,23.75,989377,NRG
2017-09-06 14:30:00,23.75,23.95,23.66,23.95,1355887,NRG
2017-09-06 15:30:00,23.95,24.19,23.92,23.96,2253334,NRG
2017-09-06 16:00:00,23.95,24.24,23.94,23.94,0,NRG
2017-09-07 09:00:00,23.88,24.16,23.88,24.16,0,NRG
2017-09-07 09:30:00,24.14,24.27,23.96,24.17,718433,NRG
2017-09-07 10:30:00,24.18,24.24,24.04,24.04,689672,NRG
2017-09-07 11:30:00,24.05,24.22,23.98,24.18,601075,NRG
2017-09-07 12:30:00,24.2,24.23,24.05,24.1,565315,NRG
2017-09-07 13:30:00,24.1,24.14,24.03,24.08,400768,NRG
2017-09-07 14:30:00,24.07,24.2,24.06,24.12,619384,NRG
2017-09-07 15:30:00,24.12,24.17,24.06,24.13,1200545,NRG
2017-09-07 16:00:00,24.04,24.13,23.85,24.13,0,NRG
2017-09-08 08:00:00,23.98,23.98,23.98,23.98,0,NRG
2017-09-08 09:00:00,23.98,24.03,23.96,24.03,0,NRG
2017-09-08 09:30:00,24.03,24.2,23.86,24.06,390300,NRG
2017-09-08 10:30:00,24.04,24.04,23.79,23.89,406817,NRG
2017-09-08 11:30:00,23.89,23.93,23.81,23.81,259513,NRG
2017-09-08 12:30:00,23.81,23.97,23.81,23.93,232790,NRG
2017-09-08 13:30:00,23.92,23.98,23.9,23.93,192577,NRG
2017-09-08 14:30:00,23.93,23.95,23.88,23.91,252015,NRG
2017-09-08 15:30:00,23.9,23.93,23.9,23.91,454801,NRG
2017-09-08 16:00:00,23.92,23.92,23.89,23.92,0,NRG
2017-09-11 09:30:00,24.0,24.15,23.8,24.12,369409,NRG
2017-09-11 10:30:00,24.11,24.11,23.92,23.96,297672,NRG
2017-09-11 11:30:00,23.95,24.09,23.95,24.08,216672,NRG
2017-09-11 12:30:00,24.07,24.1,23.94,23.95,201932,NRG
2017-09-11 13:30:00,23.94,23.95,23.85,23.92,331925,NRG
2017-09-11 14:30:00,23.92,23.98,23.86,23.89,510633,NRG
2017-09-11 15:30:00,23.89,23.92,23.86,23.87,642899,NRG
2017-09-11 16:00:00,23.88,23.88,23.88,23.88,0,NRG
2017-09-11 17:00:00,23.88,23.88,23.88,23.88,0,NRG
2017-09-12 08:00:00,23.88,23.88,23.88,23.88,0,NRG
2017-09-12 09:00:00,23.62,23.88,23.62,23.88,0,NRG
2017-09-12 09:30:00,23.91,24.1,23.8,23.98,359020,NRG
2017-09-12 10:30:00,23.97,24.08,23.94,24.06,307932,NRG
2017-09-12 11:30:00,24.05,24.06,23.89,23.95,268955,NRG
2017-09-12 12:30:00,23.94,24.03,23.94,23.99,296224,NRG
2017-09-12 13:30:00,23.99,24.0,23.87,23.89,344211,NRG
2017-09-12 14:30:00,23.89,23.95,23.82,23.94,630643,NRG
2017-09-12 15:30:00,23.94,23.95,23.86,23.88,486212,NRG
2017-09-12 16:00:00,23.88,23.92,23.86,23.88,0,NRG
2017-09-12 17:00:00,23.88,23.88,23.88,23.88,0,NRG
2017-09-13 04:00:00,24.23,24.23,24.23,24.23,0,NRG
2017-09-13 08:00:00,24.23,24.23,24.0,24.0,0,NRG
2017-09-13 09:30:00,23.88,23.88,23.64,23.75,437012,NRG
2017-09-13 10:30:00,23.77,23.81,23.68,23.77,598031,NRG
2017-09-13 11:30:00,23.77,23.92,23.75,23.9,336586,NRG
2017-09-13 12:30:00,23.9,23.94,23.85,23.89,355199,NRG
2017-09-13 13:30:00,23.9,23.92,23.72,23.73,446738,NRG
2017-09-13 14:30:00,23.73,23.73,23.53,23.56,716144,NRG
2017-09-13 15:30:00,23.55,23.6,23.5,23.57,989566,NRG
2017-09-13 16:00:00,23.57,23.7,23.56,23.56,0,NRG
2017-09-13 17:00:00,23.56,23.56,23.56,23.56,0,NRG
2017-09-13 18:00:00,23.56,23.56,23.56,23.56,0,NRG
2017-09-14 09:30:00,23.56,23.64,23.26,23.58,519675,NRG
2017-09-14 10:30:00,23.55,23.7,23.54,23.55,790200,NRG
2017-09-14 11:30:00,23.54,23.6,23.27,23.3,694346,NRG
2017-09-14 12:30:00,23.3,23.38,23.28,23.32,480104,NRG
2017-09-14 13:30:00,23.31,23.32,23.0,23.13,1070928,NRG
2017-09-14 14:30:00,23.15,23.15,22.98,23.02,1037483,NRG
2017-09-14 15:30:00,23.03,23.13,22.99,23.09,0,NRG
2017-09-14 16:00:00,23.1,23.23,23.1,23.1,0,NRG
2017-09-15 09:00:00,23.1,23.24,23.1,23.24,0,NRG
2017-09-15 09:30:00,23.28,23.4,23.09,23.32,1733253,NRG
2017-09-15 10:30:00,23.3,23.45,23.25,23.27,833376,NRG
2017-09-15 11:30:00,23.27,23.36,23.24,23.32,642612,NRG
2017-09-15 12:30:00,23.31,23.33,23.28,23.29,500067,NRG
2017-09-15 13:30:00,23.28,23.31,23.21,23.24,645911,NRG
2017-09-15 14:30:00,23.24,23.24,23.0,23.06,1135504,NRG
2017-09-15 15:30:00,23.08,23.08,22.9,22.94,2322296,NRG
2017-09-15 16:00:00,22.93,23.09,22.93,22.93,0,NRG
2017-09-18 09:00:00,22.93,23.01,22.93,23.01,0,NRG
2017-09-18 09:30:00,23.07,23.35,23.01,23.27,436965,NRG
2017-09-18 10:30:00,23.26,23.31,23.17,23.3,479314,NRG
2017-09-18 11:30:00,23.3,23.44,23.28,23.32,427240,NRG
2017-09-18 12:30:00,23.33,23.8,23.33,23.77,1108898,NRG
2017-09-18 13:30:00,23.78,23.97,23.7,23.7,1322946,NRG
2017-09-18 14:30:00,23.7,23.81,23.65,23.81,878017,NRG
2017-09-18 15:30:00,23.8,23.85,23.72,23.85,1330500,NRG
2017-09-18 16:00:00,23.84,23.9,23.48,23.48,0,NRG
2017-09-19 09:00:00,24.0,24.0,23.85,23.85,0,NRG
2017-09-19 09:30:00,23.88,24.27,23.8,24.25,798826,NRG
2017-09-19 10:30:00,24.25,24.5,24.19,24.47,879867,NRG
2017-09-19 11:30:00,24.47,24.48,24.31,24.36,731971,NRG
2017-09-19 12:30:00,24.35,24.64,24.32,24.6,950410,NRG
2017-09-19 13:30:00,24.6,24.66,24.42,24.46,1051781,NRG
2017-09-19 14:30:00,24.48,24.62,24.48,24.56,948327,NRG
2017-09-19 15:30:00,24.56,24.64,24.54,24.62,1969936,NRG
2017-09-19 16:00:00,24.63,24.63,24.49,24.59,0,NRG
2017-09-19 17:00:00,24.51,24.62,24.51,24.59,0,NRG
2017-09-19 18:00:00,24.5,24.62,24.5,24.62,0,NRG
2017-09-20 09:00:00,24.62,24.62,24.62,24.62,0,NRG
2017-09-20 09:30:00,24.66,24.66,24.29,24.4,667518,NRG
2017-09-20 10:30:00,24.38,24.45,24.25,24.45,549253,NRG
2017-09-20 11:30:00,24.45,24.53,24.34,24.36,821191,NRG
2017-09-20 12:30:00,24.36,24.42,24.35,24.41,366457,NRG
2017-09-20 13:30:00,24.41,24.43,24.18,24.28,545764,NRG
2017-09-20 14:30:00,24.25,24.29,24.2,24.2,538116,NRG
2017-09-20 15:30:00,24.21,24.3,24.12,24.15,1094318,NRG
2017-09-20 16:00:00,24.38,24.38,24.14,24.14,0,NRG
2017-09-20 17:00:00,24.15,24.15,24.15,24.15,0,NRG
2017-09-20 18:00:00,24.14,24.14,24.14,24.14,0,NRG
2017-09-21 07:00:00,24.11,24.11,24.11,24.11,0,NRG
2017-09-21 09:00:00,24.1,24.1,24.1,24.1,0,NRG
2017-09-21 09:30:00,24.0,24.05,23.93,23.96,402579,NRG
2017-09-21 10:30:00,23.96,24.08,23.94,24.05,454680,NRG
2017-09-21 11:30:00,24.05,24.08,24.01,24.03,402035,NRG
2017-09-21 12:30:00,24.04,24.15,24.03,24.14,338147,NRG
2017-09-21 13:30:00,24.14,24.16,24.05,24.06,319881,NRG
2017-09-21 14:30:00,24.05,24.24,24.02,24.18,642254,NRG
2017-09-21 15:30:00,24.19,24.25,24.17,24.19,667898,NRG
2017-09-21 16:00:00,24.19,24.26,24.19,24.26,0,NRG
2017-09-22 07:00:00,24.02,24.02,24.02,24.02,0,NRG
2017-09-22 09:00:00,24.53,24.53,24.25,24.25,0,NRG
2017-09-22 09:30:00,24.14,24.14,23.99,24.05,402673,NRG
2017-09-22 10:30:00,24.03,24.1,23.94,24.04,588357,NRG
2017-09-22 11:30:00,24.05,24.08,24.03,24.06,223722,NRG
2017-09-22 12:30:00,24.04,24.05,24.0,24.01,267282,NRG
2017-09-22 13:30:00,24.0,24.04,23.88,23.89,337012,NRG
2017-09-22 14:30:00,23.89,23.9,23.8,23.83,263864,NRG
2017-09-22 15:30:00,23.83,23.95,23.83,23.95,975349,NRG
2017-09-22 16:00:00,24.04,24.85,23.94,24.0,0,NRG
2017-09-25 07:00:00,24.65,24.65,24.65,24.65,0,NRG
2017-09-25 08:00:00,24.59,24.59,23.61,23.61,0,NRG
2017-09-25 09:30:00,23.95,24.04,23.82,23.92,400907,NRG
2017-09-25 10:30:00,23.91,24.0,23.72,23.84,513613,NRG
2017-09-25 11:30:00,23.83,23.83,23.45,23.51,384097,NRG
2017-09-25 12:30:00,23.5,23.59,23.47,23.57,326386,NRG
2017-09-25 13:30:00,23.57,23.58,23.42,23.44,390375,NRG
2017-09-25 14:30:00,23.44,23.46,23.33,23.43,542062,NRG
2017-09-25 15:30:00,23.43,23.43,23.35,23.39,753241,NRG
2017-09-25 16:00:00,23.39,23.58,23.39,23.39,0,NRG
2017-09-25 17:00:00,23.39,23.39,23.39,23.39,0,NRG
2017-09-26 08:00:00,23.39,23.39,23.39,23.39,0,NRG
2017-09-26 09:00:00,23.39,23.39,23.39,23.39,0,NRG
2017-09-26 09:30:00,23.39,23.86,23.2,23.73,1573761,NRG
2017-09-26 10:30:00,23.7,23.77,23.65,23.72,422560,NRG
2017-09-26 11:30:00,23.74,23.85,23.72,23.85,593572,NRG
2017-09-26 12:30:00,23.87,24.15,23.87,24.0,842801,NRG
2017-09-26 13:30:00,24.0,24.06,23.98,24.0,442670,NRG
2017-09-26 14:30:00,24.0,24.16,23.99,24.02,798281,NRG
2017-09-26 15:30:00,24.02,24.15,23.98,24.1,1516064,NRG
2017-09-26 16:00:00,23.82,24.13,23.82,23.95,0,NRG
2017-09-27 08:00:00,24.46,24.46,24.46,24.46,0,NRG
2017-09-27 09:00:00,24.04,24.06,24.04,24.06,0,NRG
2017-09-27 09:30:00,24.18,24.64,24.18,24.57,713698,NRG
2017-09-27 10:30:00,24.57,24.73,24.57,24.7,1040106,NRG
2017-09-27 11:30:00,24.71,24.93,24.69,24.83,958587,NRG
2017-09-27 12:30:00,24.83,24.87,24.76,24.78,429813,NRG
2017-09-27 13:30:00,24.79,24.87,24.66,24.78,640678,NRG
2017-09-27 14:30:00,24.79,24.95,24.75,24.9,766613,NRG
2017-09-27 15:30:00,24.91,24.95,24.85,24.91,1266177,NRG
2017-09-27 16:00:00,24.9,24.92,24.49,24.9,0,NRG
2017-09-27 17:00:00,24.9,24.9,24.9,24.9,0,NRG
2017-09-28 09:00:00,24.56,24.71,24.56,24.71,0,NRG
2017-09-28 09:30:00,24.82,24.82,24.32,24.7,1439544,NRG
2017-09-28 10:30:00,24.69,24.9,24.64,24.9,827619,NRG
2017-09-28 11:30:00,24.87,24.9,24.81,24.83,584206,NRG
2017-09-28 12:30:00,24.83,24.93,24.81,24.92,523047,NRG
2017-09-28 13:30:00,24.91,24.94,24.81,24.93,725549,NRG
2017-09-28 14:30:00,24.93,24.95,24.84,24.86,497037,NRG
2017-09-28 15:30:00,24.86,24.92,24.84,24.91,1058846,NRG
2017-09-28 16:00:00,24.86,24.9,24.86,24.9,0,NRG
2017-09-29 07:00:00,24.99,24.99,24.99,24.99,0,NRG
2017-09-29 09:00:00,25.0,25.0,25.0,25.0,0,NRG
2017-09-29 09:30:00,24.88,25.31,24.84,25.21,436155,NRG
2017-09-29 10:30:00,25.22,25.24,25.09,25.18,457249,NRG
2017-09-29 11:30:00,25.18,25.26,25.14,25.26,297002,NRG
2017-09-29 12:30:00,25.26,25.4,25.18,25.39,498851,NRG
2017-09-29 13:30:00,25.39,25.65,25.37,25.65,1473101,NRG
2017-09-29 14:30:00,25.61,25.71,25.5,25.64,1016030,NRG
2017-09-29 15:30:00,25.64,25.64,25.53,25.59,1567420,NRG
2017-09-29 16:00:00,25.59,25.65,24.9,25.59,0,NRG
2017-09-29 17:00:00,25.59,25.59,25.59,25.59,0,NRG
2017-10-02 08:00:00,25.59,25.6,25.59,25.6,0,NRG
2017-10-02 09:00:00,25.59,25.6,25.59,25.6,0,NRG
2017-10-02 09:30:00,25.63,25.63,25.25,25.5,1197787,NRG
2017-10-02 10:30:00,25.5,25.52,25.43,25.49,583776,NRG
2017-10-02 11:30:00,25.5,25.52,25.4,25.52,454140,NRG
2017-10-02 12:30:00,25.53,25.54,25.44,25.52,436201,NRG
2017-10-02 13:30:00,25.52,25.54,25.5,25.51,400385,NRG
2017-10-02 14:30:00,25.52,25.57,25.52,25.57,559572,NRG
2017-10-02 15:30:00,25.57,25.58,25.53,25.58,897706,NRG
2017-10-02 16:00:00,25.58,25.79,25.5,25.79,0,NRG
2017-10-02 17:00:00,25.77,25.77,25.77,25.77,0,NRG
2017-10-02 18:00:00,25.75,25.75,24.71,24.75,0,NRG
2017-10-03 06:00:00,25.98,25.98,25.98,25.98,0,NRG
2017-10-03 09:00:00,25.77,25.77,25.77,25.77,0,NRG
2017-10-03 09:30:00,25.71,25.77,25.45,25.66,857432,NRG
2017-10-03 10:30:00,25.67,25.67,25.48,25.48,567861,NRG
2017-10-03 11:30:00,25.49,25.55,25.4,25.51,299121,NRG
2017-10-03 12:30:00,25.51,25.55,25.45,25.54,274328,NRG
2017-10-03 13:30:00,25.55,25.62,25.5,25.62,337300,NRG
2017-10-03 14:30:00,25.61,25.95,25.61,25.95,1031801,NRG
2017-10-03 15:30:00,25.96,26.02,25.88,25.9,1629850,NRG
2017-10-03 16:00:00,25.89,25.95,25.77,25.89,0,NRG
2017-10-03 17:00:00,25.95,25.95,25.89,25.89,0,NRG
2017-10-03 18:00:00,25.95,25.95,25.95,25.95,0,NRG
2017-10-03 19:00:00,26.0,26.05,26.0,26.05,0,NRG
2017-10-04 09:00:00,25.95,25.95,25.95,25.95,0,NRG
2017-10-04 09:30:00,26.04,26.04,25.77,25.79,446137,NRG
2017-10-04 10:30:00,25.78,25.94,25.75,25.84,611469,NRG
2017-10-04 11:30:00,25.84,25.96,25.81,25.87,658050,NRG
2017-10-04 12:30:00,25.88,25.9,25.79,25.87,375214,NRG
2017-10-04 13:30:00,25.88,25.91,25.78,25.84,405156,NRG
2017-10-04 14:30:00,25.84,25.84,25.72,25.78,439371,NRG
2017-10-04 15:30:00,25.78,25.78,25.7,25.76,1020164,NRG
2017-10-04 16:00:00,25.77,25.84,25.77,25.8,0,NRG
2017-10-04 18:00:00,26.1,26.1,26.1,26.1,0,NRG
2017-10-05 06:00:00,26.04,26.04,26.04,26.04,0,NRG
2017-10-05 09:00:00,25.77,25.77,25.77,25.77,0,NRG
2017-10-05 09:30:00,25.85,25.85,25.59,25.62,336049,NRG
2017-10-05 10:30:00,25.61,25.74,25.59,25.64,337382,NRG
2017-10-05 11:30:00,25.61,25.62,25.34,25.34,743232,NRG
2017-10-05 12:30:00,25.33,25.45,25.23,25.25,403229,NRG
2017-10-05 13:30:00,25.24,25.3,25.19,25.22,442868,NRG
2017-10-05 14:30:00,25.22,25.56,25.21,25.5,790254,NRG
2017-10-05 15:30:00,25.49,25.59,25.49,25.59,892235,NRG
2017-10-05 16:00:00,25.57,25.57,25.48,25.57,0,NRG
2017-10-05 17:00:00,25.57,25.57,25.57,25.57,0,NRG
2017-10-06 09:00:00,25.34,25.34,25.34,25.34,0,NRG
2017-10-06 09:30:00,25.45,25.45,25.22,25.34,385574,NRG
2017-10-06 10:30:00,25.33,25.43,25.31,25.38,297715,NRG
2017-10-06 11:30:00,25.4,25.51,25.39,25.44,267482,NRG
2017-10-06 12:30:00,25.45,25.57,25.44,25.5,173051,NRG
2017-10-06 13:30:00,25.5,25.58,25.43,25.55,336885,NRG
2017-10-06 14:30:00,25.55,25.6,25.49,25.49,404573,NRG
2017-10-06 15:30:00,25.5,25.51,25.42,25.49,645330,NRG
2017-10-06 16:00:00,25.48,25.5,25.46,25.46,0,NRG
2017-10-06 17:00:00,25.75,25.75,25.75,25.75,0,NRG
2017-10-09 09:30:00,25.6,25.69,25.44,25.68,280656,NRG
2017-10-09 10:30:00,25.66,25.93,25.63,25.9,236878,NRG
2017-10-09 11:30:00,25.9,25.92,25.74,25.74,162902,NRG
2017-10-09 12:30:00,25.74,25.81,25.71,25.73,149308,NRG
2017-10-09 13:30:00,25.72,25.72,25.62,25.7,235911,NRG
2017-10-09 14:30:00,25.7,25.85,25.63,25.85,383585,NRG
2017-10-09 15:30:00,25.84,25.87,25.7,25.74,772023,NRG
2017-10-09 16:00:00,25.74,25.82,25.72,25.82,0,NRG
2017-10-10 09:30:00,25.94,25.94,25.63,25.65,401889,NRG
2017-10-10 10:30:00,25.66,25.82,25.66,25.79,567651,NRG
2017-10-10 11:30:00,25.79,25.8,25.65,25.78,309373,NRG
2017-10-10 12:30:00,25.77,25.81,25.64,25.64,302730,NRG
2017-10-10 13:30:00,25.65,25.7,25.6,25.65,261980,NRG
2017-10-10 14:30:00,25.64,25.72,25.64,25.65,530072,NRG
2017-10-10 15:30:00,25.65,25.69,25.58,25.68,627108,NRG
2017-10-10 16:00:00,25.69,25.71,25.69,25.69,0,NRG
2017-10-10 17:00:00,25.6,25.6,25.6,25.6,0,NRG
2017-10-11 09:30:00,25.48,25.62,25.44,25.59,406486,NRG
2017-10-11 10:30:00,25.59,25.59,25.49,25.51,350008,NRG
2017-10-11 11:30:00,25.51,25.53,25.46,25.48,259642,NRG
2017-10-11 12:30:00,25.48,25.5,25.28,25.28,358310,NRG
2017-10-11 13:30:00,25.29,25.42,25.28,25.35,354454,NRG
2017-10-11 14:30:00,25.35,25.48,25.35,25.39,431851,NRG
2017-10-11 15:30:00,25.39,25.49,25.38,25.46,751514,NRG
2017-10-11 16:00:00,25.47,25.52,25.47,25.47,0,NRG
2017-10-12 09:30:00,25.5,25.56,25.22,25.41,262130,NRG
2017-10-12 10:30:00,25.41,25.7,25.41,25.55,355103,NRG
2017-10-12 11:30:00,25.55,25.74,25.5,25.68,438094,NRG
2017-10-12 12:30:00,25.69,25.81,25.68,25.73,846056,NRG
2017-10-12 13:30:00,25.73,25.82,25.7,25.77,472901,NRG
2017-10-12 14:30:00,25.77,25.81,25.6,25.62,767268,NRG
2017-10-12 15:30:00,25.63,25.72,25.6,25.68,1117235,NRG
2017-10-12 16:00:00,25.68,25.68,25.66,25.66,0,NRG
2017-10-12 18:00:00,25.95,25.95,25.95,25.95,0,NRG
2017-10-13 09:00:00,25.99,25.99,25.96,25.96,0,NRG
2017-10-13 09:30:00,25.82,25.84,25.48,25.66,1000631,NRG
2017-10-13 10:30:00,25.66,25.71,25.49,25.6,764181,NRG
2017-10-13 11:30:00,25.62,25.85,25.59,25.82,680124,NRG
2017-10-13 12:30:00,25.83,25.85,25.73,25.79,669381,NRG
2017-10-13 13:30:00,25.79,26.06,25.78,26.06,671751,NRG
2017-10-13 14:30:00,26.05,26.13,26.0,26.02,1500364,NRG
2017-10-13 15:30:00,26.02,26.09,26.0,26.06,2026570,NRG
2017-10-13 16:00:00,26.06,26.11,25.89,26.11,0,NRG
2017-10-16 09:30:00,26.09,26.15,25.86,26.07,896976,NRG
2017-10-16 10:30:00,26.06,26.45,26.02,26.32,852450,NRG
2017-10-16 11:30:00,26.32,26.39,26.27,26.34,294930,NRG
2017-10-16 12:30:00,26.32,26.58,26.32,26.56,520038,NRG
2017-10-16 13:30:00,26.56,26.67,26.46,26.49,625790,NRG
2017-10-16 14:30:00,26.48,26.61,26.47,26.56,649767,NRG
2017-10-16 15:30:00,26.56,26.67,26.53,26.64,1380692,NRG
2017-10-16 16:00:00,26.64,26.64,26.62,26.62,0,NRG
2017-10-17 07:00:00,26.85,26.85,26.85,26.85,0,NRG
2017-10-17 09:30:00,26.52,26.55,26.12,26.27,1295986,NRG
2017-10-17 10:30:00,26.28,26.43,26.27,26.33,872677,NRG
2017-10-17 11:30:00,26.32,26.39,26.29,26.35,306894,NRG
2017-10-17 12:30:00,26.34,26.36,26.24,26.29,247685,NRG
2017-10-17 13:30:00,26.29,26.3,26.22,26.24,773231,NRG
2017-10-17 14:30:00,26.25,26.28,26.0,26.0,788834,NRG
2017-10-17 15:30:00,26.0,26.06,25.91,26.0,978200,NRG
2017-10-17 16:00:00,25.96,26.18,25.96,26.0,0,NRG
2017-10-18 09:30:00,25.84,26.17,25.84,26.1,494616,NRG
2017-10-18 10:30:00,26.1,26.13,25.97,25.97,414804,NRG
2017-10-18 11:30:00,25.97,26.0,25.93,25.96,298644,NRG
2017-10-18 12:30:00,25.95,26.0,25.89,26.0,208380,NRG
2017-10-18 13:30:00,26.0,26.04,25.92,26.01,309772,NRG
2017-10-18 14:30:00,26.01,26.06,26.0,26.02,282983,NRG
2017-10-18 15:30:00,26.03,26.05,25.94,25.95,639585,NRG
2017-10-18 16:00:00,25.95,25.95,25.95,25.95,0,NRG
2017-10-19 08:00:00,25.5,26.19,25.5,26.19,0,NRG
2017-10-19 09:30:00,25.9,25.98,25.36,25.56,534755,NRG
2017-10-19 10:30:00,25.56,25.74,25.53,25.59,303398,NRG
2017-10-19 11:30:00,25.58,25.61,25.42,25.42,429225,NRG
2017-10-19 12:30:00,25.43,25.43,25.31,25.39,555200,NRG
2017-10-19 13:30:00,25.38,25.42,25.3,25.41,387782,NRG
2017-10-19 14:30:00,25.42,25.59,25.41,25.44,698987,NRG
2017-10-19 15:30:00,25.43,25.55,25.42,25.53,1159844,NRG
2017-10-19 16:00:00,25.5,25.55,25.5,25.5,0,NRG
2017-10-20 09:00:00,25.54,25.54,25.54,25.54,0,NRG
2017-10-20 09:30:00,25.61,25.68,25.48,25.5,489290,NRG
2017-10-20 10:30:00,25.5,25.65,25.49,25.51,414871,NRG
2017-10-20 11:30:00,25.54,25.57,25.42,25.42,351680,NRG
2017-10-20 12:30:00,25.42,25.5,25.38,25.43,248121,NRG
2017-10-20 13:30:00,25.43,25.5,25.4,25.48,338982,NRG
2017-10-20 14:30:00,25.48,25.49,25.31,25.33,441008,NRG
2017-10-20 15:30:00,25.33,25.46,25.3,25.4,784475,NRG
2017-10-20 16:00:00,25.4,25.46,25.4,25.4,0,NRG
2017-10-23 09:00:00,25.5,25.5,25.47,25.47,0,NRG
2017-10-23 09:30:00,25.45,25.53,25.15,25.18,283304,NRG
2017-10-23 10:30:00,25.16,25.36,25.15,25.35,278720,NRG
2017-10-23 11:30:00,25.35,25.35,25.04,25.04,346996,NRG
2017-10-23 12:30:00,25.04,25.15,25.02,25.05,320136,NRG
2017-10-23 13:30:00,25.04,25.14,24.97,25.09,393755,NRG
2017-10-23 14:30:00,25.08,25.11,24.96,24.96,440455,NRG
2017-10-23 15:30:00,24.97,24.98,24.85,24.9,1634527,NRG
2017-10-23 16:00:00,24.89,25.4,24.89,24.89,0,NRG
2017-10-24 09:30:00,25.08,25.2,24.97,25.08,470126,NRG
2017-10-24 10:30:00,25.08,25.08,24.95,25.05,476059,NRG
2017-10-24 11:30:00,25.04,25.25,25.0,25.23,369110,NRG
2017-10-24 12:30:00,25.22,25.23,25.15,25.2,303394,NRG
2017-10-24 13:30:00,25.2,25.22,25.14,25.15,397308,NRG
2017-10-24 14:30:00,25.15,25.16,25.06,25.06,601069,NRG
2017-10-24 15:30:00,25.07,25.12,25.04,25.1,772163,NRG
2017-10-24 16:00:00,25.11,25.11,25.1,25.11,0,NRG
2017-10-24 18:00:00,25.11,25.11,25.11,25.11,0,NRG
2017-10-25 08:00:00,25.11,25.11,25.11,25.11,0,NRG
2017-10-25 09:30:00,24.74,25.01,24.73,24.97,1037523,NRG
2017-10-25 10:30:00,25.0,25.0,24.68,24.77,537419,NRG
2017-10-25 11:30:00,24.77,24.81,24.55,24.67,497812,NRG
2017-10-25 12:30:00,24.66,24.74,24.59,24.72,237118,NRG
2017-10-25 13:30:00,24.73,24.86,24.72,24.72,652517,NRG
2017-10-25 14:30:00,24.73,25.02,24.59,24.95,1501223,NRG
2017-10-25 15:30:00,24.95,25.05,24.9,24.9,1275575,NRG
2017-10-25 16:00:00,24.87,24.92,24.84,24.92,0,NRG
2017-10-26 08:00:00,25.56,25.64,25.56,25.64,0,NRG
2017-10-26 09:00:00,25.5,25.5,25.22,25.22,0,NRG
2017-10-26 09:30:00,25.09,25.09,24.68,24.73,398409,NRG
2017-10-26 10:30:00,24.73,24.83,24.6,24.6,472428,NRG
2017-10-26 11:30:00,24.59,24.73,24.58,24.73,380125,NRG
2017-10-26 12:30:00,24.74,24.87,24.7,24.7,333657,NRG
2017-10-26 13:30:00,24.71,24.75,24.61,24.75,344892,NRG
2017-10-26 14:30:00,24.76,24.85,24.71,24.78,459293,NRG
2017-10-26 15:30:00,24.78,24.81,24.74,24.78,900611,NRG
2017-10-26 16:00:00,24.77,24.77,24.77,24.77,0,NRG
2017-10-27 09:30:00,24.89,24.99,24.69,24.75,351049,NRG
2017-10-27 10:30:00,24.75,24.94,24.69,24.89,313590,NRG
2017-10-27 11:30:00,24.9,25.04,24.9,24.99,237846,NRG
2017-10-27 12:30:00,24.99,25.09,24.99,25.0,197504,NRG
2017-10-27 13:30:00,25.0,25.01,24.96,25.0,279138,NRG
2017-10-27 14:30:00,25.0,25.15,24.99,25.15,463177,NRG
2017-10-27 15:30:00,25.15,25.35,25.15,25.34,860931,NRG
2017-10-27 16:00:00,25.34,25.35,25.34,25.34,0,NRG
2017-10-30 09:30:00,25.35,25.84,25.32,25.72,633143,NRG
2017-10-30 10:30:00,25.72,25.74,25.6,25.6,478004,NRG
2017-10-30 11:30:00,25.58,25.6,25.18,25.18,584351,NRG
2017-10-30 12:30:00,25.17,25.28,25.05,25.19,345143,NRG
2017-10-30 13:30:00,25.2,25.2,25.04,25.12,276142,NRG
2017-10-30 14:30:00,25.11,25.18,25.02,25.02,402632,NRG
2017-10-30 15:30:00,25.02,25.07,24.91,25.0,905769,NRG
2017-10-30 16:00:00,25.01,25.28,25.01,25.01,0,NRG
2017-10-30 19:00:00,25.03,25.03,25.03,25.03,0,NRG
2017-10-31 09:00:00,25.03,25.03,25.01,25.01,0,NRG
2017-10-31 09:30:00,24.76,25.09,24.76,25.0,894160,NRG
2017-10-31 10:30:00,24.99,25.07,24.85,25.04,295942,NRG
2017-10-31 11:30:00,25.03,25.12,24.98,25.01,470612,NRG
2017-10-31 12:30:00,25.0,25.03,24.96,24.96,294897,NRG
2017-10-31 13:30:00,24.95,24.98,24.92,24.98,353321,NRG
2017-10-31 14:30:00,24.97,25.15,24.92,25.1,591286,NRG
2017-10-31 15:30:00,25.09,25.09,24.96,25.0,1173190,NRG
2017-10-31 16:00:00,25.0,25.01,25.0,25.0,0,NRG
2017-11-01 08:00:00,25.85,25.85,25.0,25.0,0,NRG
2017-11-01 09:30:00,25.24,25.31,24.94,25.25,792532,NRG
2017-11-01 10:30:00,25.22,25.23,25.09,25.23,901495,NRG
2017-11-01 11:30:00,25.22,25.26,25.14,25.21,674464,NRG
2017-11-01 12:30:00,25.2,25.22,24.95,25.02,719750,NRG
2017-11-01 13:30:00,25.02,25.11,24.65,24.66,536628,NRG
2017-11-01 14:30:00,24.67,24.83,24.67,24.77,796906,NRG
2017-11-01 15:30:00,24.76,24.87,24.69,24.84,1434020,NRG
2017-11-01 16:00:00,24.84,24.98,24.84,24.84,0,NRG
2017-11-01 17:00:00,24.84,24.84,24.84,24.84,0,NRG
2017-11-02 07:00:00,24.84,24.84,24.84,24.84,0,NRG
2017-11-02 08:00:00,24.84,25.0,24.84,25.0,0,NRG
2017-11-02 09:00:00,25.0,25.6,24.9,25.6,0,NRG
2017-11-02 09:30:00,25.92,26.78,25.6,26.75,3961482,NRG
2017-11-02 10:30:00,26.8,27.43,26.75,27.15,3416879,NRG
2017-11-02 11:30:00,27.19,27.24,26.69,26.84,1649229,NRG
2017-11-02 12:30:00,26.83,26.83,26.23,26.27,1969031,NRG
2017-11-02 13:30:00,26.24,26.49,26.24,26.39,1341952,NRG
2017-11-02 14:30:00,26.38,26.4,26.0,26.09,1799161,NRG
2017-11-02 15:30:00,26.1,26.1,25.77,25.99,2911046,NRG
2017-11-02 16:00:00,26.72,26.72,25.97,25.97,0,NRG
2017-11-02 17:00:00,25.97,25.97,25.97,25.97,0,NRG
2017-11-03 09:00:00,25.73,25.73,25.73,25.73,0,NRG
2017-11-03 09:30:00,26.22,27.05,26.22,26.86,1597848,NRG
2017-11-03 10:30:00,26.88,27.15,26.88,27.0,1341791,NRG
2017-11-03 11:30:00,27.0,27.46,26.98,27.45,1035926,NRG
2017-11-03 12:30:00,27.44,27.86,27.44,27.79,1649295,NRG
2017-11-03 13:30:00,27.78,28.03,27.63,28.03,1247182,NRG
2017-11-03 14:30:00,28.01,28.08,27.85,27.9,1325818,NRG
2017-11-03 15:30:00,27.89,27.9,27.59,27.6,2725734,NRG
2017-11-03 16:00:00,27.62,27.75,27.62,27.75,0,NRG
2017-11-06 09:30:00,27.95,28.44,27.92,28.41,909435,NRG
2017-11-06 10:30:00,28.41,28.41,27.94,28.02,1065204,NRG
2017-11-06 11:30:00,28.01,28.16,27.98,28.16,531675,NRG
2017-11-06 12:30:00,28.16,28.3,28.15,28.25,535319,NRG
2017-11-06 13:30:00,28.25,28.44,28.19,28.24,570246,NRG
2017-11-06 14:30:00,28.25,28.49,28.19,28.39,1002962,NRG
2017-11-06 15:30:00,28.39,28.46,28.24,28.25,1176662,NRG
2017-11-06 16:00:00,28.25,28.25,28.24,28.24,0,NRG
2017-11-06 17:00:00,28.25,28.25,28.25,28.25,0,NRG
2017-11-07 09:00:00,28.39,28.39,28.39,28.39,0,NRG
2017-11-07 09:30:00,28.34,28.66,28.26,28.62,862727,NRG
2017-11-07 10:30:00,28.61,28.63,28.32,28.47,533546,NRG
2017-11-07 11:30:00,28.47,28.51,28.34,28.42,399015,NRG
2017-11-07 12:30:00,28.42,28.45,28.26,28.32,286932,NRG
2017-11-07 13:30:00,28.32,28.36,28.25,28.28,331972,NRG
2017-11-07 14:30:00,28.28,28.41,28.27,28.33,437253,NRG
2017-11-07 15:30:00,28.34,28.46,28.34,28.42,888840,NRG
2017-11-07 16:00:00,28.42,28.42,28.42,28.42,0,NRG
2017-11-07 17:00:00,28.45,28.45,28.45,28.45,0,NRG
2017-11-08 07:00:00,28.41,28.41,28.41,28.41,0,NRG
2017-11-08 08:00:00,28.81,28.81,28.81,28.81,0,NRG
2017-11-08 09:00:00,28.81,28.81,28.81,28.81,0,NRG
2017-11-08 09:30:00,28.32,28.39,28.04,28.15,813084,NRG
2017-11-08 10:30:00,28.15,28.16,27.59,27.69,894506,NRG
2017-11-08 11:30:00,27.69,27.8,27.64,27.75,512810,NRG
2017-11-08 12:30:00,27.76,27.93,27.75,27.92,461753,NRG
2017-11-08 13:30:00,27.92,28.02,27.89,27.99,447564,NRG
2017-11-08 14:30:00,27.99,28.16,27.99,28.1,646195,NRG
2017-11-08 15:30:00,28.1,28.18,28.01,28.02,766847,NRG
2017-11-08 16:00:00,28.02,28.02,28.01,28.02,0,NRG
2017-11-08 17:00:00,27.77,27.77,27.77,27.77,0,NRG
2017-11-09 09:00:00,28.2,28.2,28.2,28.2,0,NRG
2017-11-09 09:30:00,28.15,28.52,28.08,28.44,429284,NRG
2017-11-09 10:30:00,28.45,28.51,28.17,28.17,337168,NRG
2017-11-09 11:30:00,28.17,28.17,27.91,27.92,426721,NRG
2017-11-09 12:30:00,27.92,27.96,27.8,27.82,415340,NRG
2017-11-09 13:30:00,27.8,27.81,27.66,27.68,258850,NRG
2017-11-09 14:30:00,27.68,27.77,27.65,27.75,478201,NRG
2017-11-09 15:30:00,27.75,27.85,27.71,27.83,1112910,NRG
2017-11-09 16:00:00,27.82,27.82,27.82,27.82,160593,NRG
2017-11-10 09:00:00,27.4,27.4,27.4,27.4,0,NRG
2017-11-10 09:30:00,27.86,27.9,27.59,27.78,327814,NRG
2017-11-10 10:30:00,27.77,27.77,27.6,27.61,394517,NRG
2017-11-10 11:30:00,27.61,27.72,27.57,27.72,258538,NRG
2017-11-10 12:30:00,27.72,28.29,27.71,28.19,490215,NRG
2017-11-10 13:30:00,28.18,28.19,28.08,28.17,310012,NRG
2017-11-10 14:30:00,28.17,28.38,28.16,28.38,346400,NRG
2017-11-10 15:30:00,28.39,28.44,28.31,28.35,1332547,NRG
2017-11-10 16:00:00,28.35,28.35,28.35,28.35,0,NRG
2017-11-13 09:00:00,28.21,28.21,28.21,28.21,0,NRG
2017-11-13 09:30:00,28.17,28.36,28.04,28.27,471474,NRG
2017-11-13 10:30:00,28.27,28.35,28.16,28.34,494481,NRG
2017-11-13 11:30:00,28.33,28.51,28.25,28.51,366188,NRG
2017-11-13 12:30:00,28.52,28.72,28.42,28.72,361909,NRG
2017-11-13 13:30:00,28.71,28.76,28.57,28.58,553335,NRG
2017-11-13 14:30:00,28.59,28.85,28.58,28.81,678026,NRG
2017-11-13 15:30:00,28.8,28.83,28.73,28.78,1213156,NRG
2017-11-13 16:00:00,28.57,28.78,28.57,28.72,0,NRG
2017-11-13 17:00:00,28.72,28.72,28.72,28.72,0,NRG
2017-11-14 09:30:00,28.79,29.02,28.48,28.5,701442,NRG
2017-11-14 10:30:00,28.51,28.94,28.51,28.78,416225,NRG
2017-11-14 11:30:00,28.78,29.01,28.77,28.99,358183,NRG
2017-11-14 12:30:00,28.99,29.05,28.78,28.87,367132,NRG
2017-11-14 13:30:00,28.88,29.02,28.87,29.0,361020,NRG
2017-11-14 14:30:00,29.0,29.0,28.77,28.92,530554,NRG
2017-11-14 15:30:00,28.92,28.97,28.9,28.91,906683,NRG
2017-11-14 16:00:00,28.92,28.92,28.92,28.92,0,NRG
2017-11-15 08:00:00,27.4,27.4,27.4,27.4,0,NRG
2017-11-15 09:00:00,28.95,28.95,28.95,28.95,0,NRG
2017-11-15 09:30:00,28.94,28.94,28.58,28.86,451090,NRG
2017-11-15 10:30:00,28.87,29.0,28.87,29.0,326867,NRG
2017-11-15 11:30:00,28.99,29.0,28.85,28.94,224793,NRG
2017-11-15 12:30:00,28.94,29.1,28.93,29.07,244195,NRG
2017-11-15 13:30:00,29.07,29.4,29.07,29.39,413253,NRG
2017-11-15 14:30:00,29.39,29.44,29.25,29.42,502230,NRG
2017-11-15 15:30:00,29.42,29.46,29.29,29.37,1042929,NRG
2017-11-15 16:00:00,29.37,29.37,29.37,29.37,0,NRG
2017-11-15 17:00:00,29.37,29.37,29.37,29.37,0,NRG
2017-11-16 09:30:00,29.31,29.41,29.07,29.41,392927,NRG
2017-11-16 10:30:00,29.43,29.66,29.34,29.4,581170,NRG
2017-11-16 11:30:00,29.4,29.47,29.28,29.47,216429,NRG
2017-11-16 12:30:00,29.49,29.55,29.47,29.5,211350,NRG
2017-11-16 13:30:00,29.52,29.77,29.52,29.54,367951,NRG
2017-11-16 14:30:00,29.53,29.55,29.44,29.46,948907,NRG
2017-11-16 15:30:00,29.46,29.5,29.4,29.43,714975,NRG
2017-11-16 16:00:00,29.44,29.51,29.43,29.51,0,NRG
2017-11-17 09:30:00,29.38,29.49,29.2,29.34,323352,NRG
2017-11-17 10:30:00,29.34,29.57,29.34,29.5,317079,NRG
2017-11-17 11:30:00,29.51,29.65,29.51,29.61,187672,NRG
2017-11-17 12:30:00,29.61,29.62,29.43,29.45,282289,NRG
2017-11-17 13:30:00,29.45,29.47,29.39,29.47,233458,NRG
2017-11-17 14:30:00,29.47,29.49,29.44,29.48,209314,NRG
2017-11-17 15:30:00,29.48,29.56,29.47,29.48,663402,NRG
2017-11-17 16:00:00,29.49,29.5,29.49,29.49,0,NRG
2017-11-20 09:30:00,29.51,29.59,29.2,29.43,317818,NRG
2017-11-20 10:30:00,29.42,29.51,29.33,29.49,386505,NRG
2017-11-20 11:30:00,29.49,29.53,29.39,29.4,292646,NRG
2017-11-20 12:30:00,29.39,29.45,29.37,29.4,233225,NRG
2017-11-20 13:30:00,29.39,29.43,29.36,29.42,186036,NRG
2017-11-20 14:30:00,29.42,29.43,29.33,29.34,523831,NRG
2017-11-20 15:30:00,29.34,29.36,29.3,29.33,831716,NRG
2017-11-20 16:00:00,29.32,29.43,29.32,29.43,0,NRG
2017-11-21 09:30:00,29.54,29.62,29.34,29.49,369651,NRG
2017-11-21 10:30:00,29.49,29.57,29.36,29.51,460011,NRG
2017-11-21 11:30:00,29.52,29.6,29.52,29.57,352601,NRG
2017-11-21 12:30:00,29.59,29.64,29.5,29.57,387185,NRG
2017-11-21 13:30:00,29.58,29.58,29.44,29.47,336808,NRG
2017-11-21 14:30:00,29.48,29.49,29.29,29.39,443741,NRG
2017-11-21 15:30:00,29.38,29.48,29.36,29.48,805830,NRG
2017-11-21 16:00:00,29.47,29.47,29.47,29.47,0,NRG
2017-11-22 07:00:00,29.74,29.74,29.74,29.74,0,NRG
2017-11-22 09:30:00,29.46,29.64,29.0,29.02,562740,NRG
2017-11-22 10:30:00,29.02,29.2,29.02,29.18,436367,NRG
2017-11-22 11:30:00,29.19,29.21,29.07,29.08,280709,NRG
2017-11-22 12:30:00,29.08,29.17,29.07,29.17,222271,NRG
2017-11-22 13:30:00,29.17,29.25,29.09,29.24,387584,NRG
2017-11-22 14:30:00,29.25,29.27,29.21,29.25,298283,NRG
2017-11-22 15:30:00,29.25,29.33,29.19,29.22,922883,NRG
2017-11-22 16:00:00,29.21,29.22,29.2,29.2,0,NRG
2017-11-24 09:00:00,29.3,29.3,29.23,29.23,0,NRG
2017-11-24 09:30:00,29.26,29.4,29.14,29.22,361154,NRG
2017-11-24 10:30:00,29.18,29.26,29.06,29.06,534412,NRG
2017-11-24 11:30:00,29.05,29.05,28.85,28.85,463349,NRG
2017-11-24 13:00:00,28.84,29.05,28.84,29.03,572610,NRG
2017-11-24 15:00:00,29.05,29.05,29.03,29.03,0,NRG
2017-11-27 09:30:00,28.97,29.24,28.79,29.1,741685,NRG
2017-11-27 10:30:00,29.08,29.1,28.94,28.96,580928,NRG
2017-11-27 11:30:00,28.95,28.95,28.83,28.91,489769,NRG
2017-11-27 12:30:00,28.91,29.04,28.88,28.98,730699,NRG
2017-11-27 13:30:00,28.98,29.03,28.87,28.9,411031,NRG
2017-11-27 14:30:00,28.89,28.98,28.74,28.85,796704,NRG
2017-11-27 15:30:00,28.83,28.83,28.72,28.77,772033,NRG
2017-11-27 16:00:00,28.77,28.98,28.77,28.77,0,NRG
2017-11-28 09:00:00,28.82,28.82,28.82,28.82,0,NRG
2017-11-28 09:30:00,28.96,28.96,28.43,28.43,857638,NRG
2017-11-28 10:30:00,28.42,28.95,28.42,28.88,701727,NRG
2017-11-28 11:30:00,28.88,29.06,28.8,28.82,484197,NRG
2017-11-28 12:30:00,28.82,28.82,28.68,28.7,351091,NRG
2017-11-28 13:30:00,28.71,28.88,28.69,28.8,477018,NRG
2017-11-28 14:30:00,28.82,28.88,28.78,28.82,623811,NRG
2017-11-28 15:30:00,28.83,28.95,28.83,28.85,731514,NRG
2017-11-28 16:00:00,28.76,28.86,28.76,28.86,0,NRG
2017-11-28 17:00:00,28.86,28.86,28.86,28.86,0,NRG
2017-11-29 09:00:00,28.76,28.76,28.74,28.74,0,NRG
2017-11-29 09:30:00,28.73,28.73,28.19,28.27,929306,NRG
2017-11-29 10:30:00,28.26,28.38,28.18,28.2,737267,NRG
2017-11-29 11:30:00,28.16,28.35,28.09,28.33,654524,NRG
2017-11-29 12:30:00,28.33,28.34,28.05,28.17,498633,NRG
2017-11-29 13:30:00,28.16,28.4,28.1,28.27,780317,NRG
2017-11-29 14:30:00,28.26,28.39,28.18,28.39,754015,NRG
2017-11-29 15:30:00,28.4,28.4,28.15,28.19,1420298,NRG
2017-11-29 16:00:00,28.2,28.26,28.2,28.2,0,NRG
2017-11-30 09:30:00,28.31,28.4,27.87,27.87,644581,NRG
2017-11-30 10:30:00,27.87,27.97,27.66,27.86,1254099,NRG
2017-11-30 11:30:00,27.86,27.98,27.72,27.88,660560,NRG
2017-11-30 12:30:00,27.89,27.9,27.72,27.73,618765,NRG
2017-11-30 13:30:00,27.72,27.8,27.64,27.8,539738,NRG
2017-11-30 14:30:00,27.8,27.8,27.52,27.65,600713,NRG
2017-11-30 15:30:00,27.67,27.79,27.56,27.64,1741893,NRG
2017-11-30 16:00:00,27.65,27.82,27.65,27.65,0,NRG
2017-11-30 17:00:00,27.65,27.65,27.65,27.65,0,NRG
2017-12-01 08:00:00,27.65,27.65,27.65,27.65,0,NRG
2017-12-01 09:00:00,27.65,27.65,27.65,27.65,0,NRG
2017-12-01 09:30:00,27.85,28.42,27.84,28.13,1101690,NRG
2017-12-01 10:30:00,28.12,28.14,27.76,27.93,577707,NRG
2017-12-01 11:30:00,27.88,28.09,27.78,27.91,771697,NRG
2017-12-01 12:30:00,27.92,28.04,27.92,27.98,351773,NRG
2017-12-01 13:30:00,27.99,28.15,27.92,28.09,407792,NRG
2017-12-01 14:30:00,28.08,28.08,28.0,28.03,493797,NRG
2017-12-01 15:30:00,28.03,28.09,27.87,27.94,989573,NRG
2017-12-01 16:00:00,27.95,28.01,27.95,27.95,0,NRG
2017-12-04 09:00:00,27.7,27.7,27.7,27.7,0,NRG
2017-12-04 09:30:00,27.93,28.1,27.69,27.7,756576,NRG
2017-12-04 10:30:00,27.7,27.71,27.5,27.58,576879,NRG
2017-12-04 11:30:00,27.6,27.8,27.58,27.65,583205,NRG
2017-12-04 12:30:00,27.62,27.64,27.5,27.5,388249,NRG
2017-12-04 13:30:00,27.5,27.61,27.43,27.53,391482,NRG
2017-12-04 14:30:00,27.52,27.59,27.5,27.52,688525,NRG
2017-12-04 15:30:00,27.52,27.52,27.34,27.4,1937486,NRG
2017-12-04 16:00:00,27.41,27.49,27.41,27.41,0,NRG
2017-12-04 17:00:00,27.41,27.41,27.41,27.41,0,NRG
2017-12-05 09:30:00,27.28,27.75,27.26,27.32,545072,NRG
2017-12-05 10:30:00,27.3,27.49,27.18,27.46,608748,NRG
2017-12-05 11:30:00,27.45,27.58,27.41,27.49,336519,NRG
2017-12-05 12:30:00,27.49,27.51,27.38,27.47,232799,NRG
2017-12-05 13:30:00,27.46,27.47,27.37,27.4,195294,NRG
2017-12-05 14:30:00,27.39,27.41,27.32,27.4,354645,NRG
2017-12-05 15:30:00,27.4,27.4,27.29,27.33,625116,NRG
2017-12-05 16:00:00,27.32,27.38,27.32,27.38,0,NRG
2017-12-06 09:30:00,27.42,27.43,27.06,27.28,346983,NRG
2017-12-06 10:30:00,27.32,27.57,27.18,27.52,465674,NRG
2017-12-06 11:30:00,27.51,27.68,27.46,27.47,296831,NRG
2017-12-06 12:30:00,27.46,27.49,27.31,27.38,266467,NRG
2017-12-06 13:30:00,27.38,27.41,27.33,27.39,186372,NRG
2017-12-06 14:30:00,27.39,27.42,27.34,27.34,406119,NRG
2017-12-06 15:30:00,27.33,27.34,27.24,27.29,495037,NRG
2017-12-06 16:00:00,27.52,27.52,27.29,27.35,0,NRG
2017-12-07 09:30:00,27.06,27.41,27.06,27.26,340183,NRG
2017-12-07 10:30:00,27.28,27.68,27.28,27.63,796704,NRG
2017-12-07 11:30:00,27.62,27.69,27.52,27.62,426604,NRG
2017-12-07 12:30:00,27.62,27.84,27.62,27.65,226530,NRG
2017-12-07 13:30:00,27.66,27.71,27.58,27.61,371546,NRG
2017-12-07 14:30:00,27.61,27.75,27.56,27.74,507747,NRG
2017-12-07 15:30:00,27.74,27.79,27.72,27.74,639415,NRG
2017-12-07 16:00:00,27.73,27.75,27.5,27.73,0,NRG
2017-12-08 08:00:00,27.75,27.75,27.75,27.75,0,NRG
2017-12-08 09:30:00,27.75,28.16,27.75,27.95,479430,NRG
2017-12-08 10:30:00,27.97,28.06,27.93,27.98,392489,NRG
2017-12-08 11:30:00,27.98,28.1,27.94,28.1,316314,NRG
2017-12-08 12:30:00,28.12,28.31,28.08,28.23,352580,NRG
2017-12-08 13:30:00,28.23,28.33,28.06,28.11,348539,NRG
2017-12-08 14:30:00,28.11,28.18,28.06,28.17,369633,NRG
2017-12-08 15:30:00,28.17,28.27,28.16,28.25,819839,NRG
2017-12-08 16:00:00,28.25,28.25,28.12,28.25,0,NRG
2017-12-11 09:30:00,28.25,28.73,28.25,28.72,346964,NRG
2017-12-11 10:30:00,28.71,28.8,28.56,28.79,305467,NRG
2017-12-11 11:30:00,28.77,28.91,28.76,28.85,333744,NRG
2017-12-11 12:30:00,28.87,28.99,28.79,28.95,326772,NRG
2017-12-11 13:30:00,28.97,29.06,28.92,29.0,376328,NRG
2017-12-11 14:30:00,29.0,29.07,28.97,29.07,436319,NRG
2017-12-11 15:30:00,29.07,29.2,29.05,29.13,1006739,NRG
2017-12-11 16:00:00,29.13,29.13,28.6,28.6,0,NRG
2017-12-11 17:00:00,29.13,29.13,29.13,29.13,0,NRG
2017-12-12 09:00:00,29.13,29.13,29.13,29.13,0,NRG
2017-12-12 09:30:00,29.09,29.09,28.8,28.81,399944,NRG
2017-12-12 10:30:00,28.79,28.92,28.77,28.9,400196,NRG
2017-12-12 11:30:00,28.91,28.93,28.86,28.9,330714,NRG
2017-12-12 12:30:00,28.9,28.92,28.85,28.86,314421,NRG
2017-12-12 13:30:00,28.87,28.9,28.81,28.83,343192,NRG
2017-12-12 14:30:00,28.84,28.85,28.68,28.73,437596,NRG
2017-12-12 15:30:00,28.74,28.82,28.7,28.7,1101551,NRG
2017-12-12 16:00:00,28.7,28.81,28.65,28.7,0,NRG
2017-12-13 09:30:00,28.81,28.81,28.4,28.4,259841,NRG
2017-12-13 10:30:00,28.41,28.55,28.37,28.44,314495,NRG
2017-12-13 11:30:00,28.47,28.49,28.27,28.33,313750,NRG
2017-12-13 12:30:00,28.33,28.33,28.19,28.23,328667,NRG
2017-12-13 13:30:00,28.24,28.47,28.07,28.26,483471,NRG
2017-12-13 14:30:00,28.26,28.26,28.1,28.11,443755,NRG
2017-12-13 15:30:00,28.1,28.23,28.1,28.16,925078,NRG
2017-12-13 16:00:00,28.15,28.15,28.13,28.15,0,NRG
2017-12-14 09:00:00,28.16,28.16,28.15,28.15,0,NRG
2017-12-14 09:30:00,28.02,28.08,27.93,27.98,427469,NRG
2017-12-14 10:30:00,27.96,28.02,27.89,28.0,304412,NRG
2017-12-14 11:30:00,28.0,28.06,27.93,27.96,347853,NRG
2017-12-14 12:30:00,27.95,28.0,27.71,27.71,378727,NRG
2017-12-14 13:30:00,27.71,27.75,27.62,27.67,275322,NRG
2017-12-14 14:30:00,27.68,27.75,27.65,27.73,372458,NRG
2017-12-14 15:30:00,27.73,27.76,27.64,27.68,1021180,NRG
2017-12-14 16:00:00,28.15,28.15,27.68,27.68,0,NRG
2017-12-14 17:00:00,27.68,27.68,27.68,27.68,0,NRG
2017-12-15 08:00:00,28.15,28.15,28.15,28.15,0,NRG
2017-12-15 09:00:00,27.68,27.68,27.68,27.68,0,NRG
2017-12-15 09:30:00,27.78,27.91,27.66,27.85,788921,NRG
2017-12-15 10:30:00,27.85,27.92,27.68,27.74,196847,NRG
2017-12-15 11:30:00,27.74,27.74,27.42,27.43,376342,NRG
2017-12-15 12:30:00,27.43,27.62,27.42,27.59,810308,NRG
2017-12-15 13:30:00,27.6,27.64,27.57,27.63,285922,NRG
2017-12-15 14:30:00,27.63,27.69,27.6,27.66,459998,NRG
2017-12-15 15:30:00,27.66,27.73,27.5,27.5,1068913,NRG
2017-12-15 16:00:00,27.5,27.57,27.41,27.5,0,NRG
2017-12-18 09:30:00,27.64,27.75,27.46,27.71,311832,NRG
2017-12-18 10:30:00,27.71,28.07,27.66,27.89,423299,NRG
2017-12-18 11:30:00,27.89,27.92,27.72,27.8,285979,NRG
2017-12-18 12:30:00,27.79,27.88,27.7,27.82,165695,NRG
2017-12-18 13:30:00,27.82,27.89,27.8,27.85,245184,NRG
2017-12-18 14:30:00,27.84,27.85,27.65,27.67,360536,NRG
2017-12-18 15:30:00,27.67,27.67,27.59,27.6,641375,NRG
2017-12-18 16:00:00,27.59,27.6,27.59,27.59,0,NRG
2017-12-18 17:00:00,27.59,27.59,27.59,27.59,0,NRG
2017-12-19 08:00:00,27.59,27.59,27.59,27.59,0,NRG
2017-12-19 09:30:00,27.5,27.68,27.37,27.38,496782,NRG
2017-12-19 10:30:00,27.39,27.74,27.39,27.49,443317,NRG
2017-12-19 11:30:00,27.46,27.49,27.34,27.42,528080,NRG
2017-12-19 12:30:00,27.4,27.52,27.38,27.5,343617,NRG
2017-12-19 13:30:00,27.49,27.55,27.34,27.41,275519,NRG
2017-12-19 14:30:00,27.41,27.41,27.29,27.37,718284,NRG
2017-12-19 15:30:00,27.36,27.4,27.2,27.25,1696378,NRG
2017-12-19 16:00:00,27.4,27.4,27.25,27.25,0,NRG
2017-12-20 08:00:00,27.5,27.5,27.5,27.5,0,NRG
2017-12-20 09:30:00,27.36,27.36,26.75,26.76,994172,NRG
2017-12-20 10:30:00,26.75,27.03,26.7,27.01,878095,NRG
2017-12-20 11:30:00,27.02,27.08,26.9,27.0,471195,NRG
2017-12-20 12:30:00,27.0,27.06,26.91,26.92,503862,NRG
2017-12-20 13:30:00,26.92,26.95,26.81,26.91,447832,NRG
2017-12-20 14:30:00,26.9,27.08,26.83,27.08,738135,NRG
2017-12-20 15:30:00,27.08,27.13,27.0,27.0,1309955,NRG
2017-12-20 16:00:00,27.0,27.0,27.0,27.0,1936776,NRG
2017-12-20 17:00:00,27.0,27.0,27.0,27.0,0,NRG
2017-12-21 09:30:00,26.98,27.76,26.97,27.58,983257,NRG
2017-12-21 10:30:00,27.6,27.67,27.53,27.64,547905,NRG
2017-12-21 11:30:00,27.63,27.63,27.52,27.6,386577,NRG
2017-12-21 12:30:00,27.61,27.76,27.58,27.69,405445,NRG
2017-12-21 13:30:00,27.7,27.74,27.31,27.34,568261,NRG
2017-12-21 14:30:00,27.34,27.51,27.32,27.51,542616,NRG
2017-12-21 15:30:00,27.51,27.55,27.44,27.46,1051827,NRG
2017-12-21 16:00:00,27.46,27.48,27.46,27.48,0,NRG
2017-12-22 09:30:00,27.45,27.66,27.33,27.59,514057,NRG
2017-12-22 10:30:00,27.58,28.22,27.55,28.18,716323,NRG
2017-12-22 11:30:00,28.19,28.5,28.17,28.31,867523,NRG
2017-12-22 12:30:00,28.3,28.46,28.27,28.39,629053,NRG
2017-12-22 13:30:00,28.4,28.42,28.18,28.19,502104,NRG
2017-12-22 14:30:00,28.18,28.21,27.94,27.97,578774,NRG
2017-12-22 15:30:00,27.98,28.3,27.94,28.18,1540621,NRG
2017-12-22 16:00:00,28.16,28.17,28.16,28.17,0,NRG
2017-12-22 17:00:00,28.16,28.16,28.16,28.16,0,NRG
2017-12-26 09:00:00,28.16,28.3,28.16,28.3,0,NRG
2017-12-26 09:30:00,28.11,28.41,28.01,28.33,454129,NRG
2017-12-26 10:30:00,28.37,28.4,28.3,28.35,164339,NRG
2017-12-26 11:30:00,28.36,28.44,28.35,28.44,153127,NRG
2017-12-26 12:30:00,28.43,28.45,28.37,28.41,217212,NRG
2017-12-26 13:30:00,28.41,28.41,28.28,28.3,214888,NRG
2017-12-26 14:30:00,28.3,28.42,28.27,28.4,268607,NRG
2017-12-26 15:30:00,28.41,28.46,28.38,28.43,533405,NRG
2017-12-26 16:00:00,28.43,28.43,28.43,28.43,0,NRG
2017-12-27 09:00:00,28.43,28.43,28.43,28.43,0,NRG
2017-12-27 09:30:00,28.44,28.52,28.16,28.18,247546,NRG
2017-12-27 10:30:00,28.18,28.24,28.07,28.2,257517,NRG
2017-12-27 11:30:00,28.2,28.36,28.11,28.12,772101,NRG
2017-12-27 12:30:00,28.12,28.12,27.92,27.94,211992,NRG
2017-12-27 13:30:00,27.95,28.05,27.94,28.0,323270,NRG
2017-12-27 14:30:00,28.01,28.01,27.77,27.81,437159,NRG
2017-12-27 15:30:00,27.82,27.87,27.66,27.69,785890,NRG
2017-12-27 16:00:00,27.7,27.7,27.7,27.7,0,NRG
2017-12-27 18:00:00,27.7,27.7,27.7,27.7,0,NRG
2017-12-28 09:30:00,27.79,27.82,27.25,27.42,349361,NRG
2017-12-28 10:30:00,27.4,27.6,27.32,27.6,680499,NRG
2017-12-28 11:30:00,27.58,27.94,27.48,27.94,609773,NRG
2017-12-28 12:30:00,27.93,28.07,27.83,27.98,260156,NRG
2017-12-28 13:30:00,27.97,28.11,27.97,28.11,225801,NRG
2017-12-28 14:30:00,28.11,28.12,27.93,28.0,290453,NRG
2017-12-28 15:30:00,28.0,28.03,27.94,28.0,731149,NRG
2017-12-28 16:00:00,28.01,28.01,27.74,28.01,0,NRG
2017-12-29 09:30:00,27.91,28.41,27.91,28.35,487300,NRG
2017-12-29 10:30:00,28.35,28.47,28.31,28.44,511125,NRG
2017-12-29 11:30:00,28.45,28.61,28.45,28.53,388192,NRG
2017-12-29 12:30:00,28.54,28.71,28.49,28.69,442560,NRG
2017-12-29 13:30:00,28.68,28.76,28.64,28.73,649552,NRG
2017-12-29 14:30:00,28.73,28.76,28.44,28.51,591073,NRG
2017-12-29 15:30:00,28.51,28.6,28.47,28.49,1072380,NRG
2017-12-29 16:00:00,28.49,28.5,28.46,28.5,0,NRG
2018-01-02 07:00:00,28.9,28.9,28.9,28.9,0,NRG
2018-01-02 09:00:00,28.48,28.6,28.48,28.6,0,NRG
2018-01-02 09:30:00,28.56,28.77,28.47,28.63,740802,NRG
2018-01-02 10:30:00,28.61,28.71,28.44,28.47,546469,NRG
2018-01-02 11:30:00,28.5,28.68,28.44,28.68,382715,NRG
2018-01-02 12:30:00,28.68,28.75,28.59,28.59,368313,NRG
2018-01-02 13:30:00,28.59,28.67,28.49,28.5,484319,NRG
2018-01-02 14:30:00,28.5,28.92,28.49,28.86,1289504,NRG
2018-01-02 15:30:00,28.86,29.0,28.85,28.92,1643858,NRG
2018-01-02 16:00:00,28.9,28.9,28.77,28.77,0,NRG
2018-01-03 09:00:00,28.9,28.9,28.9,28.9,0,NRG
2018-01-03 09:30:00,28.91,29.61,28.9,29.35,1002938,NRG
2018-01-03 10:30:00,29.37,29.4,29.08,29.16,868042,NRG
2018-01-03 11:30:00,29.21,29.22,28.81,28.86,471928,NRG
2018-01-03 12:30:00,28.87,28.91,28.62,28.66,479807,NRG
2018-01-03 13:30:00,28.69,28.78,28.61,28.77,723324,NRG
2018-01-03 14:30:00,28.77,28.92,28.77,28.8,707852,NRG
2018-01-03 15:30:00,28.81,28.92,28.75,28.88,1030042,NRG
2018-01-03 16:00:00,28.88,28.99,28.7,28.75,0,NRG
2018-01-03 17:00:00,28.73,28.73,28.73,28.73,0,NRG
2018-01-03 18:00:00,28.73,28.73,28.73,28.73,0,NRG
2018-01-04 08:00:00,28.88,28.88,28.88,28.88,0,NRG
2018-01-04 09:30:00,28.88,29.27,28.8,28.81,605259,NRG
2018-01-04 10:30:00,28.81,29.05,28.81,28.81,451069,NRG
2018-01-04 11:30:00,28.84,28.87,28.68,28.8,441774,NRG
2018-01-04 12:30:00,28.8,28.8,28.59,28.67,440415,NRG
2018-01-04 13:30:00,28.68,28.8,28.65,28.67,430236,NRG
2018-01-04 14:30:00,28.67,28.68,28.49,28.59,634943,NRG
2018-01-04 15:30:00,28.59,28.6,28.52,28.56,858259,NRG
2018-01-04 16:00:00,28.55,28.71,28.5,28.5,0,NRG
2018-01-05 09:30:00,28.64,28.77,28.41,28.65,448570,NRG
2018-01-05 10:30:00,28.64,28.69,28.44,28.62,474443,NRG
2018-01-05 11:30:00,28.62,28.7,28.6,28.65,278017,NRG
2018-01-05 12:30:00,28.66,28.7,28.59,28.68,260771,NRG
2018-01-05 13:30:00,28.68,28.84,28.68,28.82,384165,NRG
2018-01-05 14:30:00,28.81,28.85,28.76,28.79,382418,NRG
2018-01-05 15:30:00,28.8,28.81,28.71,28.73,833702,NRG
2018-01-05 16:00:00,28.73,28.73,28.71,28.73,0,NRG
2018-01-08 09:30:00,28.81,29.18,28.81,29.08,551908,NRG
2018-01-08 10:30:00,29.1,29.4,29.05,29.26,602068,NRG
2018-01-08 11:30:00,29.25,29.29,29.03,29.05,494612,NRG
2018-01-08 12:30:00,29.05,29.08,28.88,29.01,357670,NRG
2018-01-08 13:30:00,29.02,29.07,28.9,28.96,391611,NRG
2018-01-08 14:30:00,28.97,29.17,28.94,29.17,575440,NRG
2018-01-08 15:30:00,29.17,29.2,29.1,29.18,973033,NRG
2018-01-08 16:00:00,29.17,29.17,29.11,29.11,0,NRG
2018-01-08 17:00:00,29.17,29.17,29.17,29.17,0,NRG
2018-01-09 08:00:00,29.2,29.2,29.2,29.2,0,NRG
2018-01-09 09:30:00,29.23,29.34,28.73,28.77,446348,NRG
2018-01-09 10:30:00,28.77,28.97,28.71,28.93,362492,NRG
2018-01-09 11:30:00,28.92,28.95,28.83,28.88,184962,NRG
2018-01-09 12:30:00,28.88,28.9,28.8,28.8,174096,NRG
2018-01-09 13:30:00,28.81,28.85,28.68,28.79,603586,NRG
2018-01-09 14:30:00,28.79,28.87,28.74,28.78,418861,NRG
2018-01-09 15:30:00,28.79,28.85,28.7,28.71,557759,NRG
2018-01-09 16:00:00,28.72,28.8,28.63,28.64,0,NRG
2018-01-10 07:00:00,28.65,28.65,28.65,28.65,0,NRG
2018-01-10 09:00:00,28.95,28.95,28.95,28.95,0,NRG
2018-01-10 09:30:00,28.31,28.45,28.17,28.18,498241,NRG
2018-01-10 10:30:00,28.18,28.26,28.04,28.26,450560,NRG
2018-01-10 11:30:00,28.27,28.3,28.2,28.24,137548,NRG
2018-01-10 12:30:00,28.24,28.34,28.19,28.32,187097,NRG
2018-01-10 13:30:00,28.32,28.4,28.28,28.38,205053,NRG
2018-01-10 14:30:00,28.36,28.37,28.24,28.28,345397,NRG
2018-01-10 15:30:00,28.28,28.3,28.19,28.24,630209,NRG
2018-01-10 16:00:00,28.24,28.24,28.24,28.24,0,NRG
2018-01-11 09:00:00,28.2,28.2,28.2,28.2,0,NRG
2018-01-11 09:30:00,28.35,28.59,28.25,28.39,316505,NRG
2018-01-11 10:30:00,28.37,28.7,28.34,28.62,321158,NRG
2018-01-11 11:30:00,28.65,28.81,28.6,28.65,205840,NRG
2018-01-11 12:30:00,28.65,28.75,28.57,28.72,1352873,NRG
2018-01-11 13:30:00,28.71,28.76,28.68,28.7,313442,NRG
2018-01-11 14:30:00,28.69,28.75,28.59,28.66,355750,NRG
2018-01-11 15:30:00,28.65,28.67,28.58,28.62,535878,NRG
2018-01-11 16:00:00,28.61,28.61,28.61,28.61,0,NRG
2018-01-11 17:00:00,28.61,28.61,28.61,28.61,0,NRG
2018-01-12 08:00:00,28.65,28.65,28.65,28.65,0,NRG
2018-01-12 09:00:00,28.68,28.68,28.41,28.41,0,NRG
2018-01-12 09:30:00,28.43,28.75,28.43,28.72,322381,NRG
2018-01-12 10:30:00,28.72,28.82,28.68,28.8,238073,NRG
2018-01-12 11:30:00,28.79,28.9,28.73,28.75,360835,NRG
2018-01-12 12:30:00,28.76,28.76,28.68,28.72,231018,NRG
2018-01-12 13:30:00,28.73,28.74,28.64,28.67,159593,NRG
2018-01-12 14:30:00,28.67,28.69,28.56,28.57,195123,NRG
2018-01-12 15:30:00,28.57,28.72,28.57,28.7,599273,NRG
2018-01-16 09:30:00,28.61,28.63,27.85,27.88,0,NRG
2018-01-16 10:30:00,27.89,28.09,27.86,28.07,569450,NRG
2018-01-16 11:30:00,28.06,28.15,27.95,28.15,389132,NRG
2018-01-16 12:30:00,28.13,28.23,28.05,28.2,301856,NRG
2018-01-16 13:30:00,28.21,28.21,27.95,27.95,556813,NRG
2018-01-16 14:30:00,27.95,28.04,27.86,27.95,581571,NRG
2018-01-16 15:30:00,27.95,28.01,27.86,27.91,1032037,NRG
2018-01-16 16:00:00,27.9,28.03,27.9,28.03,0,NRG
2018-01-17 09:00:00,28.0,28.0,28.0,28.0,0,NRG
2018-01-17 09:30:00,28.12,28.13,27.45,27.54,1425339,NRG
2018-01-17 10:30:00,27.53,27.61,27.42,27.42,776155,NRG
2018-01-17 11:30:00,27.42,27.45,27.33,27.42,475905,NRG
2018-01-17 12:30:00,27.41,27.47,27.4,27.4,376014,NRG
2018-01-17 13:30:00,27.4,27.48,27.33,27.35,462257,NRG
2018-01-17 14:30:00,27.34,27.44,27.28,27.39,1112267,NRG
2018-01-17 15:30:00,27.4,27.44,27.35,27.42,1383247,NRG
2018-01-17 16:00:00,27.43,27.9,27.43,27.9,0,NRG
2018-01-18 09:30:00,27.03,27.41,26.84,26.91,1024135,NRG
2018-01-18 10:30:00,26.9,26.9,26.47,26.59,1912384,NRG
2018-01-18 11:30:00,26.59,26.91,26.57,26.67,918154,NRG
2018-01-18 12:30:00,26.67,26.91,26.64,26.76,1531500,NRG
2018-01-18 13:30:00,26.76,26.87,26.7,26.8,698062,NRG
2018-01-18 14:30:00,26.83,26.87,26.73,26.77,788303,NRG
2018-01-18 15:30:00,26.77,26.81,26.7,26.79,1726744,NRG
2018-01-18 16:00:00,26.8,26.85,26.72,26.81,0,NRG
2018-01-18 17:00:00,26.81,26.81,26.81,26.81,0,NRG
2018-01-19 09:30:00,26.72,26.81,26.34,26.42,1157307,NRG
2018-01-19 10:30:00,26.43,26.66,26.35,26.62,1092979,NRG
2018-01-19 11:30:00,26.64,26.81,26.43,26.67,718265,NRG
2018-01-19 12:30:00,26.66,26.77,26.65,26.75,420307,NRG
2018-01-19 13:30:00,26.76,26.97,26.71,26.93,1198151,NRG
2018-01-19 14:30:00,26.92,27.0,26.88,26.89,1055198,NRG
2018-01-19 15:30:00,26.89,26.91,26.81,26.88,1608567,NRG
2018-01-19 16:00:00,26.9,26.9,26.9,26.9,0,NRG
2018-01-19 18:00:00,26.9,26.9,26.9,26.9,0,NRG
2018-01-22 09:30:00,26.93,27.27,26.89,27.08,637745,NRG
2018-01-22 10:30:00,27.08,27.22,27.01,27.08,497449,NRG
2018-01-22 11:30:00,27.1,27.11,26.81,26.88,396183,NRG
2018-01-22 12:30:00,26.89,26.97,26.8,26.93,414836,NRG
2018-01-22 13:30:00,26.94,27.04,26.77,26.85,450243,NRG
2018-01-22 14:30:00,26.84,26.91,26.74,26.75,537802,NRG
2018-01-22 15:30:00,26.75,26.95,26.71,26.89,1874908,NRG
2018-01-22 16:00:00,26.92,26.92,26.92,26.92,0,NRG
2018-01-22 17:00:00,26.92,26.92,26.92,26.92,0,NRG
2018-01-23 09:00:00,27.2,27.2,27.05,27.05,0,NRG
2018-01-23 09:30:00,26.98,27.44,26.97,27.32,362306,NRG
2018-01-23 10:30:00,27.31,27.37,27.14,27.16,294483,NRG
2018-01-23 11:30:00,27.17,27.18,26.93,26.97,268979,NRG
2018-01-23 12:30:00,26.98,26.98,26.86,26.88,278306,NRG
2018-01-23 13:30:00,26.88,26.96,26.85,26.96,245450,NRG
2018-01-23 14:30:00,26.96,27.08,26.94,27.02,434934,NRG
2018-01-23 15:30:00,27.02,27.18,27.02,27.14,1035381,NRG
2018-01-23 16:00:00,26.96,27.14,26.96,26.96,0,NRG
2018-01-24 09:30:00,27.18,27.32,27.0,27.25,395801,NRG
2018-01-24 10:30:00,27.27,27.33,27.06,27.18,337018,NRG
2018-01-24 11:30:00,27.18,27.24,27.0,27.2,295486,NRG
2018-01-24 12:30:00,27.19,27.36,27.19,27.32,820702,NRG
2018-01-24 13:30:00,27.31,27.51,27.26,27.44,813803,NRG
2018-01-24 14:30:00,27.44,27.44,27.33,27.37,400442,NRG
2018-01-24 15:30:00,27.35,27.35,27.22,27.25,863456,NRG
2018-01-24 16:00:00,27.25,27.27,27.25,27.25,0,NRG
2018-01-25 08:00:00,27.76,27.76,27.25,27.25,0,NRG
2018-01-25 09:30:00,27.29,27.51,27.23,27.36,317538,NRG
2018-01-25 10:30:00,27.39,27.41,27.2,27.27,363961,NRG
2018-01-25 11:30:00,27.3,27.48,27.28,27.41,242953,NRG
2018-01-25 12:30:00,27.41,27.41,27.29,27.36,147056,NRG
2018-01-25 13:30:00,27.38,27.59,27.36,27.54,334555,NRG
2018-01-25 14:30:00,27.52,27.86,27.46,27.68,1166981,NRG
2018-01-25 15:30:00,27.67,27.68,27.48,27.64,791408,NRG
2018-01-25 16:00:00,27.65,28.24,27.55,28.24,0,NRG
2018-01-25 17:00:00,27.7,27.7,27.7,27.7,0,NRG
2018-01-25 18:00:00,27.65,27.65,27.65,27.65,0,NRG
2018-01-26 09:30:00,27.82,27.82,27.47,27.65,338250,NRG
2018-01-26 10:30:00,27.62,27.63,27.34,27.5,715231,NRG
2018-01-26 11:30:00,27.5,27.56,27.34,27.36,352297,NRG
2018-01-26 12:30:00,27.36,27.59,27.25,27.53,462549,NRG
2018-01-26 13:30:00,27.52,27.68,27.46,27.6,986583,NRG
2018-01-26 14:30:00,27.61,27.61,27.42,27.44,559506,NRG
2018-01-26 15:30:00,27.45,27.51,27.39,27.39,891069,NRG
2018-01-26 16:00:00,27.4,27.47,27.4,27.4,0,NRG
2018-01-29 09:30:00,27.29,27.39,27.1,27.22,365794,NRG
2018-01-29 10:30:00,27.21,27.23,27.11,27.22,443729,NRG
2018-01-29 11:30:00,27.22,27.3,27.17,27.21,455425,NRG
2018-01-29 12:30:00,27.2,27.31,27.16,27.18,210729,NRG
2018-01-29 13:30:00,27.17,27.17,27.08,27.09,178809,NRG
2018-01-29 14:30:00,27.1,27.11,26.99,26.99,421536,NRG
2018-01-29 15:30:00,26.98,26.98,26.86,26.86,1309990,NRG
2018-01-29 16:00:00,26.86,27.06,26.86,26.86,0,NRG
2018-01-29 17:00:00,26.86,26.86,26.86,26.86,0,NRG
2018-01-30 09:30:00,26.7,26.73,25.96,25.99,1498009,NRG
2018-01-30 10:30:00,26.01,26.14,25.77,25.97,1439196,NRG
2018-01-30 11:30:00,25.97,26.0,25.72,25.83,1109373,NRG
2018-01-30 12:30:00,25.83,25.89,25.76,25.76,536281,NRG
2018-01-30 13:30:00,25.75,25.98,25.75,25.86,602330,NRG
2018-01-30 14:30:00,25.85,26.13,25.83,26.07,844650,NRG
2018-01-30 15:30:00,26.09,26.25,26.09,26.1,1030511,NRG
2018-01-30 16:00:00,26.09,26.09,26.0,26.09,0,NRG
2018-01-30 17:00:00,26.09,26.09,26.09,26.09,0,NRG
2018-01-31 09:30:00,26.2,26.3,25.85,26.13,1316025,NRG
2018-01-31 10:30:00,26.09,26.1,25.79,25.93,541055,NRG
2018-01-31 11:30:00,25.92,25.98,25.87,25.92,458026,NRG
2018-01-31 12:30:00,25.93,26.0,25.91,25.97,237423,NRG
2018-01-31 13:30:00,25.96,26.2,25.96,26.01,451033,NRG
2018-01-31 14:30:00,26.0,26.08,25.93,25.99,1230919,NRG
2018-01-31 15:30:00,25.99,26.09,25.99,26.02,1198604,NRG
2018-01-31 16:00:00,26.01,26.01,26.01,26.01,0,NRG
2018-01-31 17:00:00,26.01,26.01,26.01,26.01,0,NRG
2018-02-01 08:00:00,26.01,26.01,26.01,26.01,0,NRG
2018-02-01 09:30:00,25.81,26.3,25.7,26.24,1201101,NRG
2018-02-01 10:30:00,26.25,26.51,26.19,26.47,761184,NRG
2018-02-01 11:30:00,26.47,26.67,26.34,26.48,520105,NRG
2018-02-01 12:30:00,26.49,26.5,26.35,26.46,335774,NRG
2018-02-01 13:30:00,26.46,26.46,26.36,26.4,349431,NRG
2018-02-01 14:30:00,26.4,26.47,26.34,26.34,414960,NRG
2018-02-01 15:30:00,26.33,26.45,26.29,26.45,613915,NRG
2018-02-01 16:00:00,26.43,26.6,26.43,26.43,0,NRG
2018-02-02 09:30:00,26.16,26.16,25.73,25.88,786941,NRG
2018-02-02 10:30:00,25.89,26.04,25.87,25.92,486426,NRG
2018-02-02 11:30:00,25.92,26.18,25.85,26.18,453329,NRG
2018-02-02 12:30:00,26.17,26.3,26.12,26.26,329839,NRG
2018-02-02 13:30:00,26.28,26.38,26.26,26.3,435777,NRG
2018-02-02 14:30:00,26.31,26.35,26.19,26.21,545155,NRG
2018-02-02 15:30:00,26.2,26.31,26.19,26.19,1133976,NRG
2018-02-02 16:00:00,26.19,26.26,26.19,26.19,0,NRG
2018-02-05 07:00:00,26.2,26.2,26.2,26.2,0,NRG
2018-02-05 09:30:00,25.91,26.01,25.75,25.94,736850,NRG
2018-02-05 10:30:00,25.94,26.12,25.94,26.04,337331,NRG
2018-02-05 11:30:00,26.04,26.06,25.72,25.73,605347,NRG
2018-02-05 12:30:00,25.74,25.9,25.65,25.68,644518,NRG
2018-02-05 13:30:00,25.68,25.7,25.42,25.44,612964,NRG
2018-02-05 14:30:00,25.42,25.51,25.08,25.26,1047611,NRG
2018-02-05 15:30:00,25.26,25.27,25.08,25.15,1528312,NRG
2018-02-05 16:00:00,25.12,25.47,25.12,25.16,0,NRG
2018-02-05 17:00:00,25.16,25.16,25.16,25.16,0,NRG
2018-02-06 07:00:00,24.97,24.97,24.97,24.97,0,NRG
2018-02-06 08:00:00,23.34,24.97,23.34,24.0,0,NRG
2018-02-06 09:00:00,24.71,24.74,24.7,24.7,0,NRG
2018-02-06 09:30:00,24.58,25.03,24.15,24.97,460965,NRG
2018-02-06 10:30:00,24.37,24.65,24.36,24.6,1829285,NRG
2018-02-06 11:30:00,24.59,24.93,24.49,24.93,690604,NRG
2018-02-06 12:30:00,24.93,25.11,24.89,24.99,609133,NRG
2018-02-06 13:30:00,24.99,25.06,24.92,25.01,1766707,NRG
2018-02-06 14:30:00,25.01,25.61,24.99,25.49,1315292,NRG
2018-02-06 15:30:00,25.49,25.67,25.42,25.51,1214727,NRG
2018-02-06 16:00:00,25.51,25.52,25.05,25.51,0,NRG
2018-02-06 17:00:00,25.51,25.51,25.51,25.51,0,NRG
2018-02-07 08:00:00,25.78,26.0,25.78,26.0,0,NRG
2018-02-07 09:00:00,26.99,28.0,26.99,27.0,0,NRG
2018-02-07 09:30:00,26.73,27.02,26.42,26.74,3457490,NRG
2018-02-07 10:30:00,26.74,26.87,26.59,26.62,907271,NRG
2018-02-07 11:30:00,26.6,26.67,25.9,25.9,751666,NRG
2018-02-07 12:30:00,25.9,26.01,25.33,25.49,1734707,NRG
2018-02-07 13:30:00,25.46,25.92,25.44,25.92,1108407,NRG
2018-02-07 14:30:00,25.93,25.99,25.62,25.68,1081518,NRG
2018-02-07 15:30:00,25.58,25.6,25.33,25.34,2109225,NRG
2018-02-07 16:00:00,25.36,26.09,25.36,26.09,0,NRG
2018-02-08 09:00:00,25.02,25.02,25.0,25.01,0,NRG
2018-02-08 09:30:00,25.21,25.27,24.64,24.68,1271131,NRG
2018-02-08 10:30:00,24.67,25.14,24.67,24.93,1175868,NRG
2018-02-08 11:30:00,24.91,25.09,24.56,24.58,1046085,NRG
2018-02-08 12:30:00,24.6,24.69,24.4,24.49,751505,NRG
2018-02-08 13:30:00,24.47,24.8,24.46,24.52,726288,NRG
2018-02-08 14:30:00,24.51,24.53,24.28,24.33,1030250,NRG
2018-02-08 15:30:00,24.17,24.26,24.0,24.0,1539114,NRG
2018-02-08 16:00:00,24.0,24.0,24.0,24.0,0,NRG
2018-02-08 17:00:00,24.0,24.0,24.0,24.0,0,NRG
2018-02-08 18:00:00,24.15,24.15,24.15,24.15,0,NRG
2018-02-09 08:00:00,24.19,24.19,24.19,24.19,0,NRG
2018-02-09 09:00:00,24.19,24.19,24.19,24.19,0,NRG
2018-02-09 09:30:00,24.15,24.76,24.15,24.39,1553371,NRG
2018-02-09 10:30:00,24.38,24.5,24.09,24.42,1094568,NRG
2018-02-09 11:30:00,24.43,24.51,23.99,24.0,789545,NRG
2018-02-09 12:30:00,24.01,24.06,23.83,23.86,1022520,NRG
2018-02-09 13:30:00,23.85,24.68,23.75,24.42,1243630,NRG
2018-02-09 14:30:00,24.43,24.44,24.15,24.35,1087733,NRG
2018-02-09 15:30:00,24.34,24.78,24.33,24.58,1564262,NRG
2018-02-09 16:00:00,24.59,24.59,24.35,24.58,0,NRG
2018-02-09 17:00:00,24.59,24.59,24.59,24.59,0,NRG
2018-02-12 08:00:00,24.59,24.59,24.59,24.59,0,NRG
2018-02-12 09:00:00,24.59,24.59,23.07,23.07,0,NRG
2018-02-12 09:30:00,24.7,24.7,24.25,24.37,974201,NRG
2018-02-12 10:30:00,24.36,24.57,24.34,24.53,385841,NRG
2018-02-12 11:30:00,24.51,24.76,24.42,24.75,295816,NRG
2018-02-12 12:30:00,24.74,24.82,24.71,24.76,309679,NRG
2018-02-12 13:30:00,24.78,24.81,24.7,24.75,356652,NRG
2018-02-12 14:30:00,24.75,24.84,24.64,24.84,546355,NRG
2018-02-12 15:30:00,24.85,24.88,24.64,24.73,1238306,NRG
2018-02-12 16:00:00,24.71,24.72,24.63,24.72,0,NRG
2018-02-12 17:00:00,24.72,24.72,24.72,24.72,0,NRG
2018-02-13 09:30:00,24.63,24.72,24.47,24.62,510885,NRG
2018-02-13 10:30:00,24.62,24.75,24.53,24.73,867244,NRG
2018-02-13 11:30:00,24.72,24.75,24.61,24.68,367102,NRG
2018-02-13 12:30:00,24.68,24.75,24.65,24.71,361971,NRG
2018-02-13 13:30:00,24.7,24.75,24.51,24.54,569660,NRG
2018-02-13 14:30:00,24.53,24.65,24.45,24.62,716149,NRG
2018-02-13 15:30:00,24.61,24.67,24.54,24.62,620820,NRG
2018-02-13 16:00:00,24.61,24.63,24.61,24.61,0,NRG
2018-02-14 09:30:00,24.29,24.5,24.24,24.45,747968,NRG
2018-02-14 10:30:00,24.45,24.58,24.32,24.46,661528,NRG
2018-02-14 11:30:00,24.47,24.8,24.39,24.75,719945,NRG
2018-02-14 12:30:00,24.75,25.07,24.69,25.0,484354,NRG
2018-02-14 13:30:00,25.01,25.04,24.88,24.88,345463,NRG
2018-02-14 14:30:00,24.88,25.0,24.8,24.85,567817,NRG
2018-02-14 15:30:00,24.83,24.88,24.78,24.79,484071,NRG
2018-02-14 16:00:00,24.8,24.8,24.8,24.8,0,NRG
2018-02-15 09:30:00,24.97,25.05,24.85,24.99,473662,NRG
2018-02-15 10:30:00,24.97,24.99,24.8,24.96,401600,NRG
2018-02-15 11:30:00,24.97,25.07,24.91,25.0,321374,NRG
2018-02-15 12:30:00,24.99,25.29,24.99,25.24,779914,NRG
2018-02-15 13:30:00,25.21,25.25,25.15,25.22,321807,NRG
2018-02-15 14:30:00,25.22,25.23,25.12,25.17,372407,NRG
2018-02-15 15:30:00,25.16,25.27,25.07,25.27,705748,NRG
2018-02-15 16:00:00,25.26,25.26,25.09,25.26,0,NRG
2018-02-15 18:00:00,25.26,25.26,25.26,25.26,0,NRG
2018-02-16 09:00:00,25.26,25.35,25.04,25.05,0,NRG
2018-02-16 09:30:00,25.15,25.32,25.07,25.16,350199,NRG
2018-02-16 10:30:00,25.17,25.38,25.1,25.38,372741,NRG
2018-02-16 11:30:00,25.4,25.55,25.38,25.45,343295,NRG
2018-02-16 12:30:00,25.44,25.54,25.3,25.35,356733,NRG
2018-02-16 13:30:00,25.35,25.45,25.27,25.36,446562,NRG
2018-02-16 14:30:00,25.37,25.42,25.3,25.34,279078,NRG
2018-02-16 15:30:00,25.33,25.35,25.22,25.22,461095,NRG
2018-02-16 16:00:00,25.22,25.22,25.22,25.22,0,NRG
2018-02-20 09:30:00,25.16,25.45,25.14,25.41,365430,NRG
2018-02-20 10:30:00,25.4,25.54,25.31,25.44,397141,NRG
2018-02-20 11:30:00,25.45,25.8,25.45,25.8,476749,NRG
2018-02-20 12:30:00,25.8,25.83,25.68,25.8,337026,NRG
2018-02-20 13:30:00,25.81,25.95,25.76,25.9,514382,NRG
2018-02-20 14:30:00,25.88,25.91,25.64,25.72,575837,NRG
2018-02-20 15:30:00,25.72,25.82,25.68,25.69,1065875,NRG
2018-02-20 16:00:00,25.69,25.69,25.69,25.69,0,NRG
2018-02-20 17:00:00,25.69,25.69,25.69,25.69,0,NRG
2018-02-21 09:30:00,25.49,25.62,25.24,25.5,618799,NRG
2018-02-21 10:30:00,25.5,25.68,25.45,25.52,443153,NRG
2018-02-21 11:30:00,25.52,25.52,25.34,25.46,369675,NRG
2018-02-21 12:30:00,25.46,25.55,25.36,25.36,276427,NRG
2018-02-21 13:30:00,25.36,25.64,25.34,25.52,547243,NRG
2018-02-21 14:30:00,25.53,25.53,25.18,25.25,822948,NRG
2018-02-21 15:30:00,25.25,25.3,25.0,25.01,1036992,NRG
2018-02-21 16:00:00,25.0,25.33,25.0,25.33,0,NRG
2018-02-21 18:00:00,25.0,25.0,25.0,25.0,0,NRG
2018-02-22 07:00:00,24.9,24.9,24.9,24.9,0,NRG
2018-02-22 09:30:00,25.09,25.48,25.09,25.48,448627,NRG
2018-02-22 10:30:00,25.48,25.61,25.46,25.57,567704,NRG
2018-02-22 11:30:00,25.56,25.6,25.48,25.55,268526,NRG
2018-02-22 12:30:00,25.55,25.55,25.4,25.47,222898,NRG
2018-02-22 13:30:00,25.47,25.48,25.32,25.4,274460,NRG
2018-02-22 14:30:00,25.4,25.41,25.25,25.25,329569,NRG
2018-02-22 15:30:00,25.27,25.28,25.16,25.26,497828,NRG
2018-02-22 16:00:00,25.26,25.37,25.26,25.35,0,NRG
2018-02-23 09:00:00,25.55,25.55,25.55,25.55,0,NRG
2018-02-23 09:30:00,25.62,26.11,25.62,26.04,1244448,NRG
2018-02-23 10:30:00,26.06,26.34,26.06,26.31,963635,NRG
2018-02-23 11:30:00,26.33,26.47,26.17,26.17,697695,NRG
2018-02-23 12:30:00,26.19,26.25,26.15,26.18,631366,NRG
2018-02-23 13:30:00,26.17,26.27,26.12,26.26,344495,NRG
2018-02-23 14:30:00,26.27,26.44,26.25,26.38,721324,NRG
2018-02-23 15:30:00,26.37,26.44,26.37,26.41,1063170,NRG
2018-02-23 16:00:00,26.42,26.42,26.26,26.42,0,NRG
2018-02-23 17:00:00,26.42,26.42,26.42,26.42,0,NRG
2018-02-26 09:30:00,26.51,26.51,25.78,25.92,816366,NRG
2018-02-26 10:30:00,25.92,26.17,25.91,26.17,496099,NRG
2018-02-26 11:30:00,26.18,26.41,26.15,26.36,300263,NRG
2018-02-26 12:30:00,26.36,26.39,26.12,26.14,317086,NRG
2018-02-26 13:30:00,26.14,26.34,26.12,26.3,320719,NRG
2018-02-26 14:30:00,26.28,26.34,26.17,26.27,423771,NRG
2018-02-26 15:30:00,26.26,26.34,26.24,26.29,779621,NRG
2018-02-26 16:00:00,26.27,26.29,26.2,26.29,0,NRG
2018-02-27 09:30:00,26.25,26.4,26.17,26.17,417465,NRG
2018-02-27 10:30:00,26.18,26.23,26.0,26.12,750867,NRG
2018-02-27 11:30:00,26.11,26.18,26.03,26.11,255491,NRG
2018-02-27 12:30:00,26.12,26.21,26.12,26.17,258919,NRG
2018-02-27 13:30:00,26.16,26.16,26.02,26.15,255187,NRG
2018-02-27 14:30:00,26.15,26.21,26.05,26.08,450078,NRG
2018-02-27 15:30:00,26.09,26.2,26.0,26.0,807964,NRG
2018-02-27 16:00:00,25.99,25.99,25.91,25.91,0,NRG
2018-02-28 09:30:00,25.97,26.11,25.79,26.09,413530,NRG
2018-02-28 10:30:00,26.09,26.1,25.9,25.93,536668,NRG
2018-02-28 11:30:00,25.95,26.11,25.93,26.04,318164,NRG
2018-02-28 12:30:00,26.04,26.19,25.98,26.0,481974,NRG
2018-02-28 13:30:00,26.0,26.07,25.93,25.93,290792,NRG
2018-02-28 14:30:00,25.94,26.04,25.91,25.96,725442,NRG
2018-02-28 15:30:00,25.96,25.96,25.8,25.86,1475128,NRG
2018-02-28 16:00:00,25.86,26.04,25.7,25.7,0,NRG
2018-02-28 18:00:00,25.7,25.7,25.7,25.7,0,NRG
2018-03-01 07:00:00,25.86,26.0,25.86,26.0,0,NRG
2018-03-01 09:00:00,26.76,27.99,25.86,27.02,0,NRG
2018-03-01 09:30:00,26.72,27.5,26.72,26.96,1685443,NRG
2018-03-01 10:30:00,26.95,27.06,26.52,26.67,1066010,NRG
2018-03-01 11:30:00,26.7,27.25,26.7,27.22,877202,NRG
2018-03-01 12:30:00,27.22,27.36,27.01,27.35,882876,NRG
2018-03-01 13:30:00,27.34,27.34,26.77,26.92,1045111,NRG
2018-03-01 14:30:00,26.94,27.02,26.72,26.83,843224,NRG
2018-03-01 15:30:00,26.84,27.01,26.83,26.92,920479,NRG
2018-03-01 16:00:00,26.92,27.05,26.92,27.05,0,NRG
2018-03-01 17:00:00,26.92,26.92,26.92,26.92,0,NRG
2018-03-01 18:00:00,27.0,27.0,27.0,27.0,0,NRG
2018-03-02 09:00:00,27.07,27.17,27.07,27.16,0,NRG
2018-03-02 09:30:00,26.99,27.8,26.99,27.68,1049142,NRG
2018-03-02 10:30:00,27.7,27.84,27.59,27.78,575725,NRG
2018-03-02 11:30:00,27.76,27.96,27.76,27.91,389024,NRG
2018-03-02 12:30:00,27.9,27.93,27.6,27.6,628458,NRG
2018-03-02 13:30:00,27.6,27.81,27.49,27.81,314836,NRG
2018-03-02 14:30:00,27.81,28.02,27.76,27.94,764148,NRG
2018-03-02 15:30:00,27.93,27.96,27.85,27.89,1244081,NRG
2018-03-02 16:00:00,27.88,27.89,27.88,27.89,0,NRG
2018-03-05 09:30:00,27.8,28.61,27.8,28.5,979909,NRG
2018-03-05 10:30:00,28.49,28.83,28.47,28.69,819085,NRG
2018-03-05 11:30:00,28.66,28.75,28.37,28.43,744400,NRG
2018-03-05 12:30:00,28.43,28.65,28.41,28.62,675576,NRG
2018-03-05 13:30:00,28.62,28.67,28.46,28.61,717285,NRG
2018-03-05 14:30:00,28.62,28.88,28.61,28.85,896790,NRG
2018-03-05 15:30:00,28.86,29.0,28.85,28.94,2128235,NRG
2018-03-05 16:00:00,28.95,28.95,28.69,28.95,0,NRG
2018-03-06 09:30:00,28.98,29.14,28.88,29.12,1311617,NRG
2018-03-06 10:30:00,29.15,29.3,28.91,28.97,794236,NRG
2018-03-06 11:30:00,28.97,29.21,28.89,29.16,583683,NRG
2018-03-06 12:30:00,29.16,29.31,29.14,29.3,354928,NRG
2018-03-06 13:30:00,29.3,29.48,29.26,29.44,414273,NRG
2018-03-06 14:30:00,29.44,29.49,29.33,29.39,753930,NRG
2018-03-06 15:30:00,29.38,29.41,29.2,29.22,1599717,NRG
2018-03-06 16:00:00,29.21,29.21,29.21,29.21,0,NRG
2018-03-06 18:00:00,29.21,29.21,29.21,29.21,0,NRG
2018-03-07 09:30:00,29.0,29.36,28.92,29.27,757434,NRG
2018-03-07 10:30:00,29.29,29.36,29.21,29.24,772258,NRG
2018-03-07 11:30:00,29.25,29.46,29.06,29.12,901595,NRG
2018-03-07 12:30:00,29.14,29.4,29.13,29.32,514026,NRG
2018-03-07 13:30:00,29.32,29.48,29.28,29.48,615252,NRG
2018-03-07 14:30:00,29.48,29.54,29.28,29.39,799987,NRG
2018-03-07 15:30:00,29.39,29.41,29.26,29.38,1152400,NRG
2018-03-07 16:00:00,29.38,29.38,29.29,29.29,0,NRG
2018-03-07 17:00:00,29.38,29.38,29.38,29.38,0,NRG
2018-03-08 09:30:00,29.54,29.81,29.54,29.64,693819,NRG
2018-03-08 10:30:00,29.66,29.89,29.51,29.83,933660,NRG
2018-03-08 11:30:00,29.82,29.84,29.54,29.64,613173,NRG
2018-03-08 12:30:00,29.64,29.72,29.59,29.67,587124,NRG
2018-03-08 13:30:00,29.67,29.7,29.58,29.69,513037,NRG
2018-03-08 14:30:00,29.69,29.82,29.67,29.7,627423,NRG
2018-03-08 15:30:00,29.7,29.7,29.51,29.6,1468412,NRG
2018-03-08 16:00:00,29.6,29.68,29.6,29.6,0,NRG
2018-03-09 09:30:00,29.54,29.82,29.46,29.68,1306039,NRG
2018-03-09 10:30:00,29.67,29.75,29.43,29.65,1150471,NRG
2018-03-09 11:30:00,29.61,29.66,29.59,29.64,483648,NRG
2018-03-09 12:30:00,29.64,29.65,29.53,29.63,416805,NRG
2018-03-09 13:30:00,29.64,29.68,29.53,29.56,656400,NRG
2018-03-09 14:30:00,29.56,29.64,29.48,29.54,959993,NRG
2018-03-09 15:30:00,29.54,29.75,29.53,29.75,1515214,NRG
2018-03-09 16:00:00,29.75,29.75,29.62,29.75,0,NRG
2018-03-12 09:30:00,29.64,29.99,29.64,29.84,820935,NRG
2018-03-12 10:30:00,29.81,29.81,29.6,29.63,1124176,NRG
2018-03-12 11:30:00,29.64,30.11,29.63,30.08,897873,NRG
2018-03-12 12:30:00,30.08,30.11,29.96,29.99,522451,NRG
2018-03-12 13:30:00,30.0,30.06,29.93,30.05,548685,NRG
2018-03-12 14:30:00,30.04,30.08,29.82,29.96,710480,NRG
2018-03-12 15:30:00,29.95,29.99,29.86,29.89,973990,NRG
2018-03-12 16:00:00,29.88,29.89,29.88,29.88,0,NRG
2018-03-12 17:00:00,29.89,29.89,29.89,29.89,0,NRG
2018-03-12 18:00:00,29.89,29.89,29.89,29.89,0,NRG
2018-03-13 09:00:00,29.91,30.0,29.88,30.0,0,NRG
2018-03-13 09:30:00,30.04,30.22,30.04,30.08,499540,NRG
2018-03-13 10:30:00,30.08,30.08,29.9,29.93,555094,NRG
2018-03-13 11:30:00,29.94,30.05,29.9,29.93,561468,NRG
2018-03-13 12:30:00,29.95,30.01,29.93,29.97,1018787,NRG
2018-03-13 13:30:00,29.96,29.99,29.88,29.88,346523,NRG
2018-03-13 14:30:00,29.88,30.0,29.86,29.97,532802,NRG
2018-03-13 15:30:00,29.98,30.0,29.92,29.99,716203,NRG
2018-03-13 16:00:00,30.0,30.0,30.0,30.0,0,NRG
2018-03-13 17:00:00,30.0,30.0,30.0,30.0,0,NRG
2018-03-14 09:30:00,30.03,30.22,29.98,30.16,537467,NRG
2018-03-14 10:30:00,30.16,30.2,30.08,30.15,685826,NRG
2018-03-14 11:30:00,30.17,30.3,30.07,30.3,614965,NRG
2018-03-14 12:30:00,30.31,30.32,30.16,30.2,629880,NRG
2018-03-14 13:30:00,30.22,30.31,30.19,30.28,498201,NRG
2018-03-14 14:30:00,30.25,30.4,30.14,30.14,824078,NRG
2018-03-14 15:30:00,30.14,30.25,30.14,30.21,1040175,NRG
2018-03-14 16:00:00,30.2,30.2,30.2,30.2,0,NRG
2018-03-15 09:30:00,30.5,30.75,30.46,30.7,823818,NRG
2018-03-15 10:30:00,30.68,30.7,30.42,30.46,733708,NRG
2018-03-15 11:30:00,30.46,30.58,30.36,30.51,816982,NRG
2018-03-15 12:30:00,30.53,30.7,30.45,30.66,808504,NRG
2018-03-15 13:30:00,30.65,30.67,30.53,30.63,957034,NRG
2018-03-15 14:30:00,30.64,30.75,30.61,30.73,984702,NRG
2018-03-15 15:30:00,30.72,30.84,30.67,30.77,1381275,NRG
2018-03-15 16:00:00,30.77,30.91,30.64,30.77,0,NRG
2018-03-16 09:00:00,30.65,30.65,30.65,30.65,0,NRG
2018-03-16 09:30:00,30.78,30.81,30.45,30.54,1011885,NRG
2018-03-16 10:30:00,30.54,30.64,30.35,30.44,1071188,NRG
2018-03-16 11:30:00,30.43,30.52,30.37,30.4,556294,NRG
2018-03-16 12:30:00,30.41,30.47,30.29,30.33,513250,NRG
2018-03-16 13:30:00,30.33,30.51,30.33,30.43,842732,NRG
2018-03-16 14:30:00,30.42,30.49,30.41,30.46,529241,NRG
2018-03-16 15:30:00,30.47,30.47,30.29,30.29,1262850,NRG
2018-03-16 16:00:00,30.3,30.44,30.3,30.3,0,NRG
2018-03-16 17:00:00,30.77,30.77,30.77,30.77,0,NRG
2018-03-16 19:00:00,30.3,30.3,30.3,30.3,0,NRG
2018-03-19 07:00:00,30.24,30.24,30.24,30.24,0,NRG
2018-03-19 09:30:00,30.37,30.62,30.28,30.54,685402,NRG
2018-03-19 10:30:00,30.55,30.55,30.29,30.4,638431,NRG
2018-03-19 11:30:00,30.42,30.42,30.18,30.37,489993,NRG
2018-03-19 12:30:00,30.38,30.38,30.11,30.15,431310,NRG
2018-03-19 13:30:00,30.12,30.17,29.99,30.02,850684,NRG
2018-03-19 14:30:00,30.01,30.14,29.99,30.14,970544,NRG
2018-03-19 15:30:00,30.13,30.22,30.09,30.18,998598,NRG
2018-03-19 16:00:00,30.17,30.21,30.17,30.17,0,NRG
2018-03-19 17:00:00,30.17,30.17,30.17,30.17,0,NRG
2018-03-20 09:30:00,30.39,30.53,30.32,30.42,429109,NRG
2018-03-20 10:30:00,30.42,30.43,30.2,30.3,420137,NRG
2018-03-20 11:30:00,30.31,30.37,30.25,30.3,517660,NRG
2018-03-20 12:30:00,30.3,30.36,30.28,30.35,323383,NRG
2018-03-20 13:30:00,30.35,30.41,30.3,30.32,464461,NRG
2018-03-20 14:30:00,30.33,30.37,30.28,30.28,371761,NRG
2018-03-20 15:30:00,30.29,30.34,30.27,30.29,744059,NRG
2018-03-20 16:00:00,30.3,30.3,30.3,30.3,0,NRG
2018-03-20 17:00:00,30.3,30.3,30.3,30.3,0,NRG
2018-03-21 09:00:00,31.55,31.55,31.55,31.55,0,NRG
2018-03-21 09:30:00,30.48,30.72,30.41,30.46,718090,NRG
2018-03-21 10:30:00,30.45,30.53,30.38,30.46,614933,NRG
2018-03-21 11:30:00,30.46,30.51,30.39,30.45,416085,NRG
2018-03-21 12:30:00,30.44,30.47,30.35,30.39,242320,NRG
2018-03-21 13:30:00,30.4,30.55,30.27,30.34,516375,NRG
2018-03-21 14:30:00,30.35,30.36,30.14,30.28,840144,NRG
2018-03-21 15:30:00,30.27,30.29,30.18,30.19,794076,NRG
2018-03-21 16:00:00,30.19,30.38,30.19,30.38,0,NRG
2018-03-22 09:30:00,30.43,30.57,30.0,30.47,1063470,NRG
2018-03-22 10:30:00,30.46,30.71,30.45,30.52,693694,NRG
2018-03-22 11:30:00,30.51,30.85,30.44,30.8,1044085,NRG
2018-03-22 12:30:00,30.8,30.8,30.64,30.79,392531,NRG
2018-03-22 13:30:00,30.79,30.82,30.6,30.64,427150,NRG
2018-03-22 14:30:00,30.62,30.69,30.55,30.55,525298,NRG
2018-03-22 15:30:00,30.54,30.55,30.29,30.3,1158223,NRG
2018-03-22 16:00:00,30.32,30.32,30.25,30.3,0,NRG
2018-03-23 09:30:00,30.45,30.64,30.41,30.46,688853,NRG
2018-03-23 10:30:00,30.5,30.5,30.33,30.46,563605,NRG
2018-03-23 11:30:00,30.45,30.5,30.08,30.15,440169,NRG
2018-03-23 12:30:00,30.16,30.33,30.14,30.32,366181,NRG
2018-03-23 13:30:00,30.31,30.32,30.12,30.16,351624,NRG
2018-03-23 14:30:00,30.15,30.17,29.87,29.93,910044,NRG
2018-03-23 15:30:00,29.9,30.01,29.75,29.78,1606708,NRG
2018-03-23 16:00:00,29.78,29.79,29.29,29.29,0,NRG
2018-03-23 17:00:00,29.79,29.79,29.79,29.79,0,NRG
2018-03-26 09:00:00,29.96,29.96,29.96,29.96,0,NRG
2018-03-26 09:30:00,29.95,30.13,29.85,29.99,736875,NRG
2018-03-26 10:30:00,30.01,30.04,29.79,29.96,1221077,NRG
2018-03-26 11:30:00,29.94,30.13,29.9,30.08,463216,NRG
2018-03-26 12:30:00,30.08,30.15,29.93,29.96,260477,NRG
2018-03-26 13:30:00,29.96,30.33,29.96,30.23,431957,NRG
2018-03-26 14:30:00,30.26,30.3,30.19,30.28,470890,NRG
2018-03-26 15:30:00,30.3,30.4,30.26,30.37,627261,NRG
2018-03-26 16:00:00,30.37,30.38,30.37,30.37,0,NRG
2018-03-27 09:30:00,30.37,31.14,30.34,30.67,854325,NRG
2018-03-27 10:30:00,30.65,30.67,30.37,30.42,764321,NRG
2018-03-27 11:30:00,30.42,30.49,30.28,30.48,904476,NRG
2018-03-27 12:30:00,30.47,30.6,30.4,30.49,670114,NRG
2018-03-27 13:30:00,30.5,30.61,30.41,30.42,784615,NRG
2018-03-27 14:30:00,30.43,30.5,30.07,30.08,1076555,NRG
2018-03-27 15:30:00,30.08,30.15,29.97,29.98,1391808,NRG
2018-03-27 16:00:00,30.0,30.44,30.0,30.0,0,NRG
2018-03-27 17:00:00,30.0,30.0,30.0,30.0,0,NRG
2018-03-28 09:00:00,30.47,30.47,30.47,30.47,0,NRG
2018-03-28 09:30:00,30.67,30.75,30.25,30.34,1025990,NRG
2018-03-28 10:30:00,30.4,30.52,30.07,30.07,937541,NRG
2018-03-28 11:30:00,30.08,30.34,30.06,30.25,648660,NRG
2018-03-28 12:30:00,30.26,30.31,30.16,30.28,512859,NRG
2018-03-28 13:30:00,30.28,30.28,30.1,30.19,643197,NRG
2018-03-28 14:30:00,30.19,30.28,30.08,30.18,841244,NRG
2018-03-28 15:30:00,30.2,30.3,30.12,30.26,992466,NRG
2018-03-28 16:00:00,30.26,30.29,30.26,30.27,0,NRG
2018-03-29 09:30:00,30.53,30.76,30.42,30.76,714708,NRG
2018-03-29 10:30:00,30.77,30.84,30.65,30.71,523991,NRG
2018-03-29 11:30:00,30.7,30.74,30.54,30.65,568532,NRG
2018-03-29 12:30:00,30.66,30.7,30.58,30.61,407562,NRG
2018-03-29 13:30:00,30.61,30.63,30.48,30.57,445567,NRG
2018-03-29 14:30:00,30.59,30.66,30.55,30.6,531286,NRG
2018-03-29 15:30:00,30.59,30.65,30.48,30.54,869338,NRG
2018-03-29 16:00:00,30.54,30.54,30.52,30.53,0,NRG
2018-04-02 08:00:00,30.53,30.53,30.53,30.53,0,NRG
2018-04-02 09:30:00,30.67,30.75,30.48,30.71,1329716,NRG
2018-04-02 10:30:00,30.71,30.77,30.34,30.42,534941,NRG
2018-04-02 11:30:00,30.44,30.57,30.16,30.2,810792,NRG
2018-04-02 12:30:00,30.19,30.33,30.08,30.09,530224,NRG
2018-04-02 13:30:00,30.08,30.16,29.98,30.09,946393,NRG
2018-04-02 14:30:00,30.07,30.22,30.05,30.12,629640,NRG
2018-04-02 15:30:00,30.14,30.36,30.09,30.31,1034596,NRG
2018-04-02 16:00:00,30.34,30.34,30.29,30.33,0,NRG
2018-04-03 09:30:00,30.32,30.38,29.99,30.03,646161,NRG
2018-04-03 10:30:00,30.06,30.43,30.06,30.43,660763,NRG
2018-04-03 11:30:00,30.41,30.41,30.28,30.31,475059,NRG
2018-04-03 12:30:00,30.33,30.47,30.28,30.42,425202,NRG
2018-04-03 13:30:00,30.42,30.43,30.31,30.41,507979,NRG
2018-04-03 14:30:00,30.38,30.62,30.32,30.61,720107,NRG
2018-04-03 15:30:00,30.59,30.59,30.4,30.48,788011,NRG
2018-04-03 16:00:00,30.47,30.47,30.47,30.47,0,NRG
2018-04-03 17:00:00,30.47,30.47,30.47,30.47,0,NRG
2018-04-04 08:00:00,30.47,30.47,30.47,30.47,0,NRG
2018-04-04 09:30:00,30.28,30.35,30.08,30.28,609732,NRG
2018-04-04 10:30:00,30.26,30.26,29.99,30.04,702731,NRG
2018-04-04 11:30:00,30.05,30.15,29.99,29.99,570619,NRG
2018-04-04 12:30:00,30.0,30.04,29.85,29.89,739060,NRG
2018-04-04 13:30:00,29.89,30.17,29.86,30.17,539887,NRG
2018-04-04 14:30:00,30.17,30.36,30.08,30.35,505765,NRG
2018-04-04 15:30:00,30.35,30.47,30.35,30.4,766423,NRG
2018-04-04 16:00:00,30.47,30.47,30.4,30.4,471693,NRG
2018-04-05 09:30:00,30.51,30.64,30.11,30.17,0,NRG
2018-04-05 10:30:00,30.18,30.26,30.09,30.25,490296,NRG
2018-04-05 11:30:00,30.25,30.49,30.25,30.39,388107,NRG
2018-04-05 12:30:00,30.4,30.69,30.4,30.5,509771,NRG
2018-04-05 13:30:00,30.49,30.53,30.23,30.28,418642,NRG
2018-04-05 14:30:00,30.29,30.36,30.24,30.33,436168,NRG
2018-04-05 15:30:00,30.34,30.34,30.26,30.32,796340,NRG
2018-04-05 16:00:00,30.21,30.32,30.21,30.32,0,NRG
2018-04-06 09:30:00,30.23,30.44,30.09,30.1,462312,NRG
2018-04-06 10:30:00,30.1,30.1,29.94,30.0,820971,NRG
2018-04-06 11:30:00,30.01,30.17,30.01,30.05,309009,NRG
2018-04-06 12:30:00,30.05,30.17,30.01,30.04,387785,NRG
2018-04-06 13:30:00,30.02,30.1,29.91,29.94,557822,NRG
2018-04-06 14:30:00,29.94,30.01,29.82,29.98,769756,NRG
2018-04-06 15:30:00,29.99,30.03,29.88,29.95,1479321,NRG
2018-04-06 16:00:00,29.96,30.01,29.96,29.96,0,NRG
2018-04-09 09:30:00,30.09,30.32,30.01,30.22,433891,NRG
2018-04-09 10:30:00,30.23,30.29,30.18,30.27,429861,NRG
2018-04-09 11:30:00,30.27,30.44,30.25,30.39,449504,NRG
2018-04-09 12:30:00,30.37,30.49,30.37,30.48,348665,NRG
2018-04-09 13:30:00,30.49,30.64,30.47,30.6,518140,NRG
2018-04-09 14:30:00,30.6,30.71,30.56,30.61,682742,NRG
2018-04-09 15:30:00,30.6,30.64,30.51,30.52,1198026,NRG
2018-04-09 16:00:00,30.4,30.53,30.4,30.49,0,NRG
2018-04-09 18:00:00,30.86,30.86,30.86,30.86,0,NRG
2018-04-10 09:30:00,30.74,30.74,30.37,30.54,578059,NRG
2018-04-10 10:30:00,30.54,30.61,30.33,30.33,450427,NRG
2018-04-10 11:30:00,30.34,30.37,30.17,30.18,442972,NRG
2018-04-10 12:30:00,30.19,30.37,30.19,30.36,422607,NRG
2018-04-10 13:30:00,30.36,30.59,30.32,30.55,388034,NRG
2018-04-10 14:30:00,30.53,30.58,30.4,30.58,623629,NRG
2018-04-10 15:30:00,30.57,30.62,30.52,30.56,683250,NRG
2018-04-10 16:00:00,30.56,30.56,30.47,30.47,0,NRG
2018-04-11 07:00:00,30.56,30.56,30.56,30.56,0,NRG
2018-04-11 09:30:00,30.44,30.68,30.44,30.61,344857,NRG
2018-04-11 10:30:00,30.58,30.7,30.58,30.66,356801,NRG
2018-04-11 11:30:00,30.65,30.72,30.65,30.7,227364,NRG
2018-04-11 12:30:00,30.69,30.78,30.68,30.74,253360,NRG
2018-04-11 13:30:00,30.73,30.74,30.58,30.7,234694,NRG
2018-04-11 14:30:00,30.68,30.73,30.6,30.66,445697,NRG
2018-04-11 15:30:00,30.66,30.71,30.61,30.63,499123,NRG
2018-04-11 16:00:00,30.64,30.65,30.64,30.65,0,NRG
2018-04-11 18:00:00,30.74,30.74,30.74,30.74,0,NRG
2018-04-12 09:30:00,30.59,30.64,30.42,30.44,383222,NRG
2018-04-12 10:30:00,30.44,30.46,30.27,30.27,261755,NRG
2018-04-12 11:30:00,30.25,30.26,30.11,30.22,187388,NRG
2018-04-12 12:30:00,30.23,30.25,29.88,29.89,839433,NRG
2018-04-12 13:30:00,29.86,30.15,29.85,30.12,828790,NRG
2018-04-12 14:30:00,30.12,30.21,30.09,30.19,320373,NRG
2018-04-12 15:30:00,30.18,30.19,30.0,30.01,784093,NRG
2018-04-12 16:00:00,30.01,30.11,30.01,30.11,0,NRG
2018-04-13 09:30:00,30.1,30.26,30.09,30.11,799772,NRG
2018-04-13 10:30:00,30.11,30.21,29.99,30.15,678240,NRG
2018-04-13 11:30:00,30.16,30.38,30.16,30.34,324372,NRG
2018-04-13 12:30:00,30.32,30.35,30.26,30.27,289535,NRG
2018-04-13 13:30:00,30.27,30.27,30.13,30.16,243751,NRG
2018-04-13 14:30:00,30.15,30.2,30.04,30.07,422479,NRG
2018-04-13 15:30:00,30.07,30.16,30.06,30.13,674917,NRG
2018-04-13 16:00:00,30.13,30.16,30.13,30.13,0,NRG
2018-04-16 09:30:00,30.4,30.8,30.26,30.78,676035,NRG
2018-04-16 10:30:00,30.77,30.9,30.59,30.59,749509,NRG
2018-04-16 11:30:00,30.58,30.81,30.53,30.75,766276,NRG
2018-04-16 12:30:00,30.74,30.9,30.74,30.83,629833,NRG
2018-04-16 13:30:00,30.82,30.82,30.71,30.75,335178,NRG
2018-04-16 14:30:00,30.74,30.82,30.59,30.6,522037,NRG
2018-04-16 15:30:00,30.61,30.76,30.61,30.74,850365,NRG
2018-04-16 16:00:00,30.72,30.72,30.72,30.72,0,NRG
2018-04-17 09:00:00,30.7,30.7,30.7,30.7,0,NRG
2018-04-17 09:30:00,30.61,31.0,30.57,30.94,627409,NRG
2018-04-17 10:30:00,30.98,31.17,30.98,31.02,810110,NRG
2018-04-17 11:30:00,31.04,31.04,30.87,30.88,450878,NRG
2018-04-17 12:30:00,30.89,30.98,30.89,30.95,225206,NRG
2018-04-17 13:30:00,31.07,31.14,31.06,31.14,653489,NRG
2018-04-17 14:30:00,31.14,31.14,31.14,31.14,1276403,NRG
2018-04-17 15:30:00,31.29,31.29,31.24,31.26,1735797,NRG
2018-04-17 16:00:00,31.25,31.25,31.25,31.25,0,NRG
2018-04-17 17:00:00,31.45,31.45,31.45,31.45,0,NRG
2018-04-18 09:00:00,31.3,31.3,31.3,31.3,0,NRG
2018-04-18 09:30:00,31.47,31.77,31.36,31.65,885807,NRG
2018-04-18 10:30:00,31.65,31.67,31.51,31.65,558467,NRG
2018-04-18 11:30:00,31.65,31.78,31.63,31.68,576123,NRG
2018-04-18 12:30:00,31.7,31.7,31.58,31.63,446685,NRG
2018-04-18 13:30:00,31.64,31.65,31.52,31.54,350950,NRG
2018-04-18 14:30:00,31.54,31.58,31.49,31.49,355084,NRG
2018-04-18 15:30:00,31.5,31.53,31.36,31.38,576068,NRG
2018-04-18 16:00:00,31.38,31.58,31.38,31.58,0,NRG
2018-04-18 17:00:00,31.25,31.38,31.25,31.38,0,NRG
2018-04-19 09:30:00,31.49,31.7,31.43,31.55,643823,NRG
2018-04-19 10:30:00,31.52,31.57,31.39,31.52,665180,NRG
2018-04-19 11:30:00,31.51,31.52,31.33,31.33,399978,NRG
2018-04-19 12:30:00,31.35,31.47,31.3,31.31,365201,NRG
2018-04-19 13:30:00,31.32,31.39,31.19,31.27,701704,NRG
2018-04-19 14:30:00,31.27,31.36,31.27,31.32,615294,NRG
2018-04-19 15:30:00,31.32,31.53,31.32,31.49,654539,NRG
2018-04-19 16:00:00,31.49,31.49,31.42,31.49,0,NRG
2018-04-19 18:00:00,31.5,31.5,31.5,31.5,0,NRG
2018-04-20 09:30:00,31.43,31.52,31.28,31.45,413629,NRG
2018-04-20 10:30:00,31.44,31.56,31.27,31.32,347200,NRG
2018-04-20 11:30:00,31.33,31.42,31.31,31.31,351453,NRG
2018-04-20 12:30:00,31.3,31.35,31.19,31.28,330288,NRG
2018-04-20 13:30:00,31.28,31.35,31.25,31.29,235068,NRG
2018-04-20 14:30:00,31.29,31.32,31.12,31.12,325474,NRG
2018-04-20 15:30:00,31.12,31.19,31.1,31.18,475778,NRG
2018-04-20 16:00:00,31.17,31.29,31.17,31.17,0,NRG
2018-04-23 08:00:00,31.3,31.3,31.3,31.3,0,NRG
2018-04-23 09:30:00,31.13,31.3,30.95,31.26,662130,NRG
2018-04-23 10:30:00,31.28,31.28,31.15,31.17,369155,NRG
2018-04-23 11:30:00,31.17,31.29,31.1,31.1,223301,NRG
2018-04-23 12:30:00,31.09,31.2,31.09,31.12,190035,NRG
2018-04-23 13:30:00,31.13,31.16,31.1,31.12,228170,NRG
2018-04-23 14:30:00,31.12,31.16,31.04,31.07,282377,NRG
2018-04-23 15:30:00,31.08,31.21,31.04,31.21,433332,NRG
2018-04-23 16:00:00,31.21,31.21,31.16,31.16,0,NRG
2018-04-24 09:30:00,31.53,31.81,31.42,31.61,466778,NRG
2018-04-24 10:30:00,31.6,31.74,31.56,31.7,594925,NRG
2018-04-24 11:30:00,31.7,31.76,31.39,31.41,404651,NRG
2018-04-24 12:30:00,31.44,31.51,31.34,31.36,409995,NRG
2018-04-24 13:30:00,31.36,31.37,31.06,31.11,420598,NRG
2018-04-24 14:30:00,31.11,31.13,30.99,31.02,724796,NRG
2018-04-24 15:30:00,31.02,31.05,30.86,30.99,865884,NRG
2018-04-24 16:00:00,30.99,30.99,30.99,30.99,0,NRG
2018-04-25 09:30:00,31.0,31.0,30.68,30.9,595363,NRG
2018-04-25 10:30:00,30.86,31.11,30.86,31.06,359510,NRG
2018-04-25 11:30:00,31.07,31.11,30.94,31.05,303743,NRG
2018-04-25 12:30:00,31.04,31.1,30.96,30.98,320408,NRG
2018-04-25 13:30:00,30.98,31.14,30.98,31.06,419474,NRG
2018-04-25 14:30:00,31.05,31.13,31.04,31.08,320989,NRG
2018-04-25 15:30:00,31.08,31.1,31.0,31.08,526468,NRG
2018-04-25 16:00:00,31.09,31.09,31.0,31.09,0,NRG
2018-04-26 09:30:00,31.2,31.44,31.07,31.35,418328,NRG
2018-04-26 10:30:00,31.33,31.49,31.32,31.44,1143361,NRG
2018-04-26 11:30:00,31.46,31.52,31.42,31.45,298290,NRG
2018-04-26 12:30:00,31.46,31.48,31.33,31.4,250866,NRG
2018-04-26 13:30:00,31.4,31.45,31.33,31.34,258363,NRG
2018-04-26 14:30:00,31.34,31.39,31.27,31.28,332920,NRG
2018-04-26 15:30:00,31.29,31.39,31.26,31.33,586461,NRG
2018-04-26 16:00:00,31.34,31.36,31.34,31.34,0,NRG
2018-04-27 09:30:00,31.37,31.6,31.35,31.47,600693,NRG
2018-04-27 10:30:00,31.46,31.52,31.34,31.48,391449,NRG
2018-04-27 11:30:00,31.49,31.5,31.35,31.42,275595,NRG
2018-04-27 12:30:00,31.42,31.6,31.38,31.53,339591,NRG
2018-04-27 13:30:00,31.53,31.53,31.36,31.42,273571,NRG
2018-04-27 14:30:00,31.41,31.43,31.33,31.4,292573,NRG
2018-04-27 15:30:00,31.4,31.51,31.4,31.5,550709,NRG
2018-04-27 16:00:00,31.51,31.51,31.51,31.51,0,NRG
2018-04-30 09:30:00,31.39,31.47,31.17,31.27,539620,NRG
2018-04-30 10:30:00,31.27,31.31,31.15,31.17,373542,NRG
2018-04-30 11:30:00,31.18,31.31,31.14,31.26,299918,NRG
2018-04-30 12:30:00,31.26,31.29,31.21,31.25,231558,NRG
2018-04-30 13:30:00,31.23,31.29,31.15,31.18,462784,NRG
2018-04-30 14:30:00,31.16,31.17,30.99,31.05,612942,NRG
2018-04-30 15:30:00,31.03,31.16,31.01,31.01,1182460,NRG
2018-04-30 16:00:00,31.07,31.11,31.0,31.11,0,NRG
2018-05-01 09:30:00,31.24,31.24,30.49,30.57,751986,NRG
2018-05-01 10:30:00,30.56,30.66,30.33,30.64,703532,NRG
2018-05-01 11:30:00,30.61,30.75,30.6,30.74,514063,NRG
2018-05-01 12:30:00,30.74,30.74,30.5,30.58,369560,NRG
2018-05-01 13:30:00,30.58,30.75,30.58,30.71,412370,NRG
2018-05-01 14:30:00,30.71,30.75,30.66,30.68,539337,NRG
2018-05-01 15:30:00,30.68,30.75,30.65,30.65,1312688,NRG
2018-05-01 16:00:00,30.65,30.65,30.65,30.65,0,NRG
2018-05-02 09:30:00,30.59,30.91,30.59,30.8,611757,NRG
2018-05-02 10:30:00,30.8,30.81,30.59,30.59,742680,NRG
2018-05-02 11:30:00,30.59,30.7,30.43,30.47,562159,NRG
2018-05-02 12:30:00,30.46,30.6,30.43,30.57,511546,NRG
2018-05-02 13:30:00,30.59,30.61,30.48,30.48,585924,NRG
2018-05-02 14:30:00,30.48,30.53,30.25,30.35,979543,NRG
2018-05-02 15:30:00,30.36,30.48,30.33,30.47,1362269,NRG
2018-05-02 16:00:00,30.48,30.48,30.48,30.48,0,NRG
2018-05-03 09:00:00,30.48,30.48,30.48,30.48,0,NRG
2018-05-03 09:30:00,31.12,32.22,30.81,32.09,7547824,NRG
2018-05-03 10:30:00,32.08,32.78,32.0,32.55,1681534,NRG
2018-05-03 11:30:00,32.56,32.63,32.03,32.09,1219879,NRG
2018-05-03 12:30:00,32.09,32.25,31.87,32.16,730998,NRG
2018-05-03 13:30:00,32.17,32.39,32.16,32.31,884377,NRG
2018-05-03 14:30:00,32.31,32.47,32.12,32.44,1345080,NRG
2018-05-03 15:30:00,32.45,32.55,32.24,32.35,1895528,NRG
2018-05-03 16:00:00,32.35,32.35,32.15,32.28,0,NRG
2018-05-03 19:00:00,32.35,32.35,32.35,32.35,0,NRG
2018-05-04 09:30:00,32.54,33.3,32.54,33.26,1787612,NRG
2018-05-04 10:30:00,33.26,33.75,33.26,33.54,2404236,NRG
2018-05-04 11:30:00,33.51,33.63,33.39,33.6,1537236,NRG
2018-05-04 12:30:00,33.59,33.75,33.55,33.61,733604,NRG
2018-05-04 13:30:00,33.61,33.64,33.52,33.59,697542,NRG
2018-05-04 14:30:00,33.61,33.61,33.35,33.43,932521,NRG
2018-05-04 15:30:00,33.44,33.44,33.29,33.29,1281093,NRG
2018-05-04 16:00:00,33.3,33.41,33.3,33.3,0,NRG
2018-05-07 09:30:00,33.58,34.23,33.57,34.2,1291091,NRG
2018-05-07 10:30:00,34.19,34.37,34.14,34.28,584273,NRG
2018-05-07 11:30:00,34.28,34.31,34.18,34.2,379570,NRG
2018-05-07 12:30:00,34.21,34.25,34.11,34.14,380739,NRG
2018-05-07 13:30:00,34.12,34.18,34.03,34.13,525829,NRG
2018-05-07 14:30:00,34.13,34.16,33.96,34.02,738767,NRG
2018-05-07 15:30:00,34.03,34.21,33.99,34.14,2040687,NRG
2018-05-07 16:00:00,34.13,34.2,34.13,34.16,0,NRG
2018-05-07 17:00:00,34.2,34.2,34.2,34.2,0,NRG
2018-05-07 18:00:00,34.2,34.2,34.18,34.18,0,NRG
2018-05-08 08:00:00,34.16,34.16,34.16,34.16,0,NRG
2018-05-08 09:30:00,33.96,34.25,33.85,33.91,1899139,NRG
2018-05-08 10:30:00,33.91,34.2,33.91,34.09,733371,NRG
2018-05-08 11:30:00,34.07,34.18,33.99,34.05,558192,NRG
2018-05-08 12:30:00,34.03,34.09,33.87,34.01,581939,NRG
2018-05-08 13:30:00,34.02,34.07,33.84,33.86,818880,NRG
2018-05-08 14:30:00,33.87,34.01,33.79,33.99,662734,NRG
2018-05-08 15:30:00,33.99,34.0,33.89,33.9,885992,NRG
2018-05-08 16:00:00,33.9,33.9,33.9,33.9,0,NRG
2018-05-09 08:00:00,34.2,34.2,34.2,34.2,0,NRG
2018-05-09 09:00:00,34.21,34.21,34.13,34.13,0,NRG
2018-05-09 09:30:00,33.92,34.26,33.87,34.05,686859,NRG
2018-05-09 10:30:00,34.06,34.07,33.84,33.91,580772,NRG
2018-05-09 11:30:00,33.9,34.17,33.81,34.1,396814,NRG
2018-05-09 12:30:00,34.11,34.15,33.99,34.03,561542,NRG
2018-05-09 13:30:00,34.03,34.06,33.89,34.01,495582,NRG
2018-05-09 14:30:00,34.03,34.3,34.03,34.21,591853,NRG
2018-05-09 15:30:00,34.21,34.26,34.16,34.23,681623,NRG
2018-05-09 16:00:00,34.23,34.23,34.23,34.23,0,NRG
2018-05-09 17:00:00,34.23,34.23,34.23,34.23,0,NRG
2018-05-10 09:30:00,34.51,34.6,34.38,34.44,459673,NRG
2018-05-10 10:30:00,34.44,34.76,34.37,34.76,466310,NRG
2018-05-10 11:30:00,34.76,34.9,34.71,34.78,467116,NRG
2018-05-10 12:30:00,34.78,34.8,34.66,34.73,339532,NRG
2018-05-10 13:30:00,34.73,34.79,34.6,34.7,547196,NRG
2018-05-10 14:30:00,34.69,34.73,34.58,34.67,562149,NRG
2018-05-10 15:30:00,34.67,34.75,34.63,34.68,1099269,NRG
2018-05-10 16:00:00,34.66,34.66,34.51,34.51,0,NRG
2018-05-11 09:00:00,34.66,34.66,34.66,34.66,0,NRG
2018-05-11 09:30:00,34.77,35.14,34.76,35.06,676328,NRG
2018-05-11 10:30:00,35.05,35.17,35.04,35.12,643712,NRG
2018-05-11 11:30:00,35.11,35.17,34.99,35.02,483480,NRG
2018-05-11 12:30:00,35.03,35.03,34.83,34.9,411258,NRG
2018-05-11 13:30:00,34.9,34.99,34.84,34.84,353602,NRG
2018-05-11 14:30:00,34.85,34.9,34.76,34.78,523773,NRG
2018-05-11 15:30:00,34.79,34.91,34.77,34.91,993320,NRG
2018-05-11 16:00:00,34.91,34.91,34.91,34.91,0,NRG
2018-05-14 08:00:00,35.11,35.11,35.11,35.11,0,NRG
2018-05-14 09:00:00,34.95,34.95,34.95,34.95,0,NRG
2018-05-14 09:30:00,34.99,35.06,34.69,34.97,592408,NRG
2018-05-14 10:30:00,34.97,34.97,34.74,34.93,621581,NRG
2018-05-14 11:30:00,34.92,34.96,34.81,34.81,426548,NRG
2018-05-14 12:30:00,34.83,34.84,34.72,34.78,392889,NRG
2018-05-14 13:30:00,34.77,34.85,34.72,34.76,285392,NRG
2018-05-14 14:30:00,34.76,34.91,34.76,34.83,379683,NRG
2018-05-14 15:30:00,34.83,34.83,34.7,34.77,793669,NRG
2018-05-14 16:00:00,34.78,34.81,34.78,34.81,0,NRG
2018-05-14 17:00:00,34.81,34.81,34.78,34.78,0,NRG
2018-05-15 09:30:00,34.19,34.37,33.72,33.87,1098647,NRG
2018-05-15 10:30:00,33.87,33.9,33.75,33.88,701922,NRG
2018-05-15 11:30:00,33.89,34.06,33.87,33.9,488429,NRG
2018-05-15 12:30:00,33.9,34.03,33.9,33.96,532179,NRG
2018-05-15 13:30:00,33.96,33.99,33.78,33.87,690114,NRG
2018-05-15 14:30:00,33.86,33.91,33.65,33.65,722835,NRG
2018-05-15 15:30:00,33.65,33.78,33.62,33.76,965225,NRG
2018-05-15 16:00:00,33.75,33.98,33.75,33.75,0,NRG
2018-05-16 09:00:00,34.0,34.0,34.0,34.0,0,NRG
2018-05-16 09:30:00,33.78,33.94,33.49,33.88,1146705,NRG
2018-05-16 10:30:00,33.89,34.01,33.69,33.71,732751,NRG
2018-05-16 11:30:00,33.71,33.95,33.67,33.89,462237,NRG
2018-05-16 12:30:00,33.92,33.92,33.75,33.8,536636,NRG
2018-05-16 13:30:00,33.79,33.85,33.72,33.74,334421,NRG
2018-05-16 14:30:00,33.74,33.78,33.68,33.74,412006,NRG
2018-05-16 15:30:00,33.74,33.75,33.6,33.74,794117,NRG
2018-05-16 16:00:00,33.75,33.75,33.75,33.75,0,NRG
2018-05-16 17:00:00,33.75,33.75,33.75,33.75,0,NRG
2018-05-17 09:30:00,33.85,33.91,33.66,33.75,453496,NRG
2018-05-17 10:30:00,33.76,33.77,33.4,33.44,832107,NRG
2018-05-17 11:30:00,33.47,33.61,33.36,33.6,410794,NRG
2018-05-17 12:30:00,33.58,33.64,33.5,33.5,305878,NRG
2018-05-17 13:30:00,33.51,33.53,33.46,33.51,359755,NRG
2018-05-17 14:30:00,33.51,33.57,33.43,33.46,296895,NRG
2018-05-17 15:30:00,33.46,33.58,33.46,33.55,589723,NRG
2018-05-17 16:00:00,33.55,33.55,33.55,33.55,0,NRG
2018-05-17 17:00:00,33.55,33.55,33.55,33.55,0,NRG
2018-05-18 08:00:00,33.5,33.5,33.5,33.5,0,NRG
2018-05-18 09:30:00,33.61,33.71,33.45,33.61,456835,NRG
2018-05-18 10:30:00,33.57,33.71,33.53,33.59,315418,NRG
2018-05-18 11:30:00,33.56,33.8,33.56,33.63,257615,NRG
2018-05-18 12:30:00,33.64,33.67,33.58,33.59,224579,NRG
2018-05-18 13:30:00,33.59,33.62,33.55,33.56,191111,NRG
2018-05-18 14:30:00,33.56,33.64,33.55,33.64,237902,NRG
2018-05-18 15:30:00,33.64,33.76,33.63,33.71,541165,NRG
2018-05-18 16:00:00,33.72,33.72,33.64,33.64,0,NRG
2018-05-21 09:00:00,33.9,34.06,33.9,34.06,0,NRG
2018-05-21 09:30:00,33.82,33.89,33.06,33.46,985737,NRG
2018-05-21 10:30:00,33.45,33.67,33.33,33.52,433254,NRG
2018-05-21 11:30:00,33.52,33.72,33.51,33.72,453513,NRG
2018-05-21 12:30:00,33.71,33.78,33.7,33.74,378481,NRG
2018-05-21 13:30:00,33.73,33.84,33.69,33.76,416077,NRG
2018-05-21 14:30:00,33.76,33.77,33.53,33.54,800725,NRG
2018-05-21 15:30:00,33.54,33.61,33.48,33.5,1114142,NRG
2018-05-21 16:00:00,33.5,33.55,33.5,33.5,0,NRG
2018-05-22 09:00:00,33.5,33.85,33.5,33.64,0,NRG
2018-05-22 09:30:00,33.6,33.71,33.4,33.48,2146988,NRG
2018-05-22 10:30:00,33.49,33.52,33.37,33.39,1059582,NRG
2018-05-22 11:30:00,33.39,33.52,33.33,33.49,872607,NRG
2018-05-22 12:30:00,33.5,33.51,33.28,33.28,683928,NRG
2018-05-22 13:30:00,33.28,33.54,33.24,33.51,571011,NRG
2018-05-22 14:30:00,33.51,33.55,33.23,33.24,740320,NRG
2018-05-22 15:30:00,33.25,33.47,33.24,33.46,1241281,NRG
2018-05-22 16:00:00,33.45,33.46,33.45,33.45,0,NRG
2018-05-23 09:00:00,33.33,33.33,33.33,33.33,0,NRG
2018-05-23 09:30:00,33.46,33.58,33.28,33.33,682715,NRG
2018-05-23 10:30:00,33.33,33.35,33.15,33.19,500258,NRG
2018-05-23 11:30:00,33.15,33.18,32.97,32.99,723035,NRG
2018-05-23 12:30:00,33.01,33.01,32.85,32.91,559893,NRG
2018-05-23 13:30:00,32.9,33.15,32.86,33.11,593715,NRG
2018-05-23 14:30:00,33.13,33.13,32.99,33.04,616555,NRG
2018-05-23 15:30:00,33.04,33.14,33.02,33.14,1411286,NRG
2018-05-23 16:00:00,33.14,34.11,33.06,34.01,0,NRG
2018-05-24 07:00:00,33.55,33.55,33.55,33.55,0,NRG
2018-05-24 09:00:00,33.41,33.5,33.39,33.5,0,NRG
2018-05-24 09:30:00,33.54,34.55,33.48,34.09,1924557,NRG
2018-05-24 10:30:00,34.08,34.49,34.08,34.44,1127334,NRG
2018-05-24 11:30:00,34.44,34.49,34.29,34.44,989921,NRG
2018-05-24 12:30:00,34.44,34.51,34.39,34.41,650613,NRG
2018-05-24 13:30:00,34.41,34.5,34.37,34.38,415018,NRG
2018-05-24 14:30:00,34.4,34.46,34.35,34.45,552548,NRG
2018-05-24 15:30:00,34.46,34.47,34.37,34.42,1030577,NRG
2018-05-24 16:00:00,34.43,34.5,34.15,34.15,0,NRG
2018-05-25 09:30:00,34.06,34.06,33.61,33.78,1137002,NRG
2018-05-25 10:30:00,33.85,34.09,33.79,34.07,824261,NRG
2018-05-25 11:30:00,34.04,34.19,34.02,34.17,440562,NRG
2018-05-25 12:30:00,34.18,34.27,34.09,34.13,599110,NRG
2018-05-25 13:30:00,34.14,34.23,34.04,34.21,491012,NRG
2018-05-25 14:30:00,34.22,34.22,33.97,34.03,538079,NRG
2018-05-25 15:30:00,34.03,34.05,33.88,33.99,675042,NRG
2018-05-25 16:00:00,33.98,33.99,33.98,33.98,0,NRG
2018-05-29 09:30:00,33.51,33.91,33.43,33.9,725582,NRG
2018-05-29 10:30:00,33.89,33.98,33.81,33.87,549529,NRG
2018-05-29 11:30:00,33.85,33.9,33.71,33.79,406622,NRG
2018-05-29 12:30:00,33.81,33.87,33.79,33.81,368595,NRG
2018-05-29 13:30:00,33.81,33.85,33.74,33.83,297050,NRG
2018-05-29 14:30:00,33.83,33.85,33.57,33.58,461790,NRG
2018-05-29 15:30:00,33.58,33.81,33.58,33.72,852486,NRG
2018-05-29 16:00:00,33.72,33.72,33.72,33.72,646979,NRG
2018-05-30 09:00:00,33.72,33.8,33.72,33.79,0,NRG
2018-05-30 09:30:00,33.62,34.02,33.62,34.02,612867,NRG
2018-05-30 10:30:00,34.03,34.35,34.03,34.23,478130,NRG
2018-05-30 11:30:00,34.23,34.35,34.23,34.29,529703,NRG
2018-05-30 12:30:00,34.28,34.53,34.25,34.47,562234,NRG
2018-05-30 13:30:00,34.47,34.69,34.47,34.68,565439,NRG
2018-05-30 14:30:00,34.69,34.75,34.42,34.51,635409,NRG
2018-05-30 15:30:00,34.51,34.51,34.37,34.41,848661,NRG
2018-05-30 16:00:00,34.41,34.43,34.41,34.43,0,NRG
2018-05-31 09:00:00,33.8,33.8,33.8,33.8,0,NRG
2018-05-31 09:30:00,34.45,34.55,34.14,34.14,626096,NRG
2018-05-31 10:30:00,34.15,34.53,34.09,34.45,739217,NRG
2018-05-31 11:30:00,34.45,34.6,34.28,34.34,352894,NRG
2018-05-31 12:30:00,34.35,34.35,34.24,34.31,292804,NRG
2018-05-31 13:30:00,34.31,34.35,34.21,34.29,366509,NRG
2018-05-31 14:30:00,34.29,34.35,34.24,34.31,419269,NRG
2018-05-31 15:30:00,34.31,34.35,34.24,34.24,541053,NRG
2018-05-31 16:00:00,34.24,34.35,34.2,34.2,0,NRG
2018-05-31 17:00:00,34.23,34.23,34.23,34.23,0,NRG
2018-06-01 08:00:00,34.23,34.23,34.23,34.23,0,NRG
2018-06-01 09:30:00,34.19,34.2,33.54,33.79,471232,NRG
2018-06-01 10:30:00,33.76,33.83,33.64,33.81,707286,NRG
2018-06-01 11:30:00,33.81,33.94,33.75,33.84,502264,NRG
2018-06-01 12:30:00,33.83,34.04,33.79,33.9,390430,NRG
2018-06-01 13:30:00,33.89,34.09,33.84,34.09,374036,NRG
2018-06-01 14:30:00,34.09,34.11,33.85,33.87,335347,NRG
2018-06-01 15:30:00,33.86,33.91,33.85,33.91,559540,NRG
2018-06-01 16:00:00,33.91,33.91,33.85,33.85,0,NRG
2018-06-04 09:30:00,34.27,34.27,33.7,33.72,559827,NRG
2018-06-04 10:30:00,33.7,33.77,33.56,33.61,418941,NRG
2018-06-04 11:30:00,33.59,33.73,33.48,33.69,513962,NRG
2018-06-04 12:30:00,33.69,33.69,33.57,33.68,268023,NRG
2018-06-04 13:30:00,33.67,33.93,33.65,33.9,597738,NRG
2018-06-04 14:30:00,33.9,33.91,33.81,33.83,312036,NRG
2018-06-04 15:30:00,33.83,33.85,33.78,33.85,576879,NRG
2018-06-04 16:00:00,33.85,33.85,33.73,33.73,0,NRG
2018-06-05 09:00:00,33.85,33.85,33.85,33.85,0,NRG
2018-06-05 09:30:00,33.85,34.2,33.68,34.06,386549,NRG
2018-06-05 10:30:00,34.07,34.08,33.74,33.81,375488,NRG
2018-06-05 11:30:00,33.81,33.85,33.67,33.78,706998,NRG
2018-06-05 12:30:00,33.76,33.76,33.49,33.62,487360,NRG
2018-06-05 13:30:00,33.62,33.81,33.6,33.8,793468,NRG
2018-06-05 14:30:00,33.8,33.82,33.65,33.69,297844,NRG
2018-06-05 15:30:00,33.69,33.74,33.64,33.66,775201,NRG
2018-06-05 16:00:00,33.65,33.78,33.64,33.64,0,NRG
2018-06-05 18:00:00,33.64,33.64,33.64,33.64,0,NRG
2018-06-06 09:30:00,33.67,33.75,33.39,33.67,637423,NRG
2018-06-06 10:30:00,33.67,33.78,33.55,33.76,439422,NRG
2018-06-06 11:30:00,33.78,33.88,33.76,33.83,714758,NRG
2018-06-06 12:30:00,33.83,33.95,33.83,33.88,396074,NRG
2018-06-06 13:30:00,33.88,33.9,33.76,33.81,320087,NRG
2018-06-06 14:30:00,33.8,33.99,33.79,33.98,616243,NRG
2018-06-06 15:30:00,33.98,34.0,33.9,33.92,725788,NRG
2018-06-06 16:00:00,33.94,33.95,33.82,33.82,0,NRG
2018-06-07 09:00:00,33.94,33.94,33.94,33.94,0,NRG
2018-06-07 09:30:00,34.11,34.28,33.99,34.08,416957,NRG
2018-06-07 10:30:00,34.08,34.13,33.97,33.98,468956,NRG
2018-06-07 11:30:00,33.94,34.12,33.9,34.09,451774,NRG
2018-06-07 12:30:00,34.08,34.09,33.91,33.92,549414,NRG
2018-06-07 13:30:00,33.91,33.91,33.78,33.79,1014751,NRG
2018-06-07 14:30:00,33.78,33.79,33.63,33.67,433886,NRG
2018-06-07 15:30:00,33.67,33.67,33.51,33.51,674986,NRG
2018-06-07 16:00:00,33.49,33.87,33.49,33.5,0,NRG
2018-06-08 09:00:00,33.5,33.5,33.35,33.35,0,NRG
2018-06-08 09:30:00,33.65,33.65,32.94,32.96,620318,NRG
2018-06-08 10:30:00,32.95,33.03,32.76,33.02,1010584,NRG
2018-06-08 11:30:00,33.03,33.14,32.97,33.04,920628,NRG
2018-06-08 12:30:00,33.03,33.08,32.96,33.0,368223,NRG
2018-06-08 13:30:00,32.97,33.01,32.85,32.89,326027,NRG
2018-06-08 14:30:00,32.88,33.15,32.85,33.14,642153,NRG
2018-06-08 15:30:00,33.13,33.19,33.04,33.16,1044764,NRG
2018-06-08 16:00:00,33.17,33.17,33.05,33.05,0,NRG
2018-06-08 18:00:00,33.15,33.15,33.15,33.15,0,NRG
2018-06-11 09:00:00,33.31,33.32,33.31,33.32,0,NRG
2018-06-11 09:30:00,33.25,33.49,33.16,33.47,476467,NRG
2018-06-11 10:30:00,33.47,33.5,33.3,33.3,339477,NRG
2018-06-11 11:30:00,33.32,33.32,33.06,33.12,408307,NRG
2018-06-11 12:30:00,33.12,33.17,32.89,32.93,584981,NRG
2018-06-11 13:30:00,32.95,32.98,32.85,32.88,520860,NRG
2018-06-11 14:30:00,32.89,32.9,32.76,32.81,548980,NRG
2018-06-11 15:30:00,32.81,32.82,32.66,32.67,1374511,NRG
2018-06-11 16:00:00,32.67,32.92,32.66,32.92,0,NRG
2018-06-11 18:00:00,32.93,32.93,32.93,32.93,0,NRG
2018-06-12 09:00:00,32.85,32.85,32.85,32.85,0,NRG
2018-06-12 09:30:00,32.89,33.95,32.89,33.62,1157345,NRG
2018-06-12 10:30:00,33.59,33.81,33.56,33.63,554454,NRG
2018-06-12 11:30:00,33.63,33.63,33.3,33.35,766841,NRG
2018-06-12 12:30:00,33.34,33.65,33.29,33.29,1114008,NRG
2018-06-12 13:30:00,33.27,33.48,33.27,33.42,537059,NRG
2018-06-12 14:30:00,33.41,33.56,33.41,33.51,472075,NRG
2018-06-12 15:30:00,33.51,33.54,33.44,33.5,916953,NRG
2018-06-12 16:00:00,33.51,33.51,33.49,33.5,0,NRG
2018-06-12 17:00:00,32.98,33.4,32.98,33.3,0,NRG
2018-06-13 08:00:00,33.51,33.51,33.51,33.51,0,NRG
2018-06-13 09:30:00,33.53,34.0,33.53,33.79,1260201,NRG
2018-06-13 10:30:00,33.82,33.86,33.71,33.83,405791,NRG
2018-06-13 11:30:00,33.82,33.88,33.71,33.83,554706,NRG
2018-06-13 12:30:00,33.83,33.87,33.72,33.74,403183,NRG
2018-06-13 13:30:00,33.73,33.8,33.62,33.78,419606,NRG
2018-06-13 14:30:00,33.78,34.03,33.75,33.96,954877,NRG
2018-06-13 15:30:00,33.97,34.03,33.94,33.97,1128994,NRG
2018-06-13 16:00:00,33.98,33.98,33.8,33.98,0,NRG
2018-06-13 17:00:00,33.98,33.98,33.98,33.98,0,NRG
2018-06-13 18:00:00,33.9,33.9,33.9,33.9,0,NRG
2018-06-14 09:00:00,34.2,34.2,34.2,34.2,0,NRG
2018-06-14 09:30:00,34.2,34.51,33.87,34.36,777276,NRG
2018-06-14 10:30:00,34.34,34.4,34.1,34.1,570347,NRG
2018-06-14 11:30:00,34.1,34.16,34.01,34.07,417231,NRG
2018-06-14 12:30:00,34.08,34.08,33.67,33.71,368500,NRG
2018-06-14 13:30:00,33.73,33.73,33.57,33.6,553073,NRG
2018-06-14 14:30:00,33.61,33.67,33.55,33.58,421634,NRG
2018-06-14 15:30:00,33.58,33.62,33.46,33.5,650745,NRG
2018-06-14 16:00:00,33.51,33.51,33.45,33.45,0,NRG
2018-06-14 17:00:00,33.51,33.51,33.51,33.51,0,NRG
2018-06-15 09:00:00,33.45,33.45,33.45,33.45,0,NRG
2018-06-15 09:30:00,33.41,33.47,32.93,33.19,1332984,NRG
2018-06-15 10:30:00,33.19,33.35,33.19,33.22,594693,NRG
2018-06-15 11:30:00,33.21,33.33,33.21,33.28,329984,NRG
2018-06-15 12:30:00,33.29,33.33,33.23,33.28,531657,NRG
2018-06-15 13:30:00,33.28,33.47,33.22,33.45,298389,NRG
2018-06-15 14:30:00,33.48,33.54,33.35,33.38,384361,NRG
2018-06-15 15:30:00,33.38,33.4,33.32,33.38,810850,NRG
2018-06-15 16:00:00,33.38,33.39,33.32,33.38,0,NRG
2018-06-15 17:00:00,33.38,33.38,33.38,33.38,0,NRG
2018-06-18 09:30:00,33.42,33.67,33.19,33.21,597244,NRG
2018-06-18 10:30:00,33.22,33.23,33.07,33.21,528596,NRG
2018-06-18 11:30:00,33.2,33.32,32.87,32.89,661507,NRG
2018-06-18 12:30:00,32.91,32.96,32.79,32.9,687730,NRG
2018-06-18 13:30:00,32.89,32.98,32.8,32.92,461780,NRG
2018-06-18 14:30:00,32.92,33.05,32.9,32.99,620599,NRG
2018-06-18 15:30:00,32.99,33.0,32.92,32.97,573610,NRG
2018-06-18 16:00:00,32.98,33.06,32.98,33.06,0,NRG
2018-06-19 09:00:00,32.67,32.67,32.67,32.67,0,NRG
2018-06-19 09:30:00,32.5,32.74,32.35,32.41,939956,NRG
2018-06-19 10:30:00,32.43,32.44,32.2,32.3,1199926,NRG
2018-06-19 11:30:00,32.31,32.32,31.86,31.92,1365646,NRG
2018-06-19 12:30:00,31.92,32.1,31.86,31.86,919653,NRG
2018-06-19 13:30:00,31.87,32.15,31.87,32.13,877194,NRG
2018-06-19 14:30:00,32.15,32.18,32.02,32.08,789221,NRG
2018-06-19 15:30:00,32.08,32.09,31.95,31.96,2116929,NRG
2018-06-19 16:00:00,31.96,32.1,31.96,31.96,0,NRG
2018-06-19 17:00:00,32.98,32.98,32.98,32.98,0,NRG
2018-06-20 09:30:00,32.03,32.38,31.96,32.16,1978951,NRG
2018-06-20 10:30:00,32.15,32.16,31.77,32.02,608756,NRG
2018-06-20 11:30:00,32.02,32.07,31.84,31.87,752723,NRG
2018-06-20 12:30:00,31.86,32.02,31.84,32.01,526237,NRG
2018-06-20 13:30:00,32.01,32.1,31.93,31.97,527625,NRG
2018-06-20 14:30:00,31.98,31.99,31.85,31.95,375626,NRG
2018-06-20 15:30:00,31.95,31.96,31.83,31.85,794333,NRG
2018-06-20 16:00:00,31.85,32.01,31.79,31.85,0,NRG
2018-06-21 08:00:00,31.73,31.73,31.73,31.73,0,NRG
2018-06-21 09:30:00,31.86,31.97,31.75,31.96,562501,NRG
2018-06-21 10:30:00,31.95,32.02,31.74,31.75,471809,NRG
2018-06-21 11:30:00,31.77,31.86,31.69,31.74,674993,NRG
2018-06-21 12:30:00,31.74,32.03,31.7,31.97,678306,NRG
2018-06-21 13:30:00,31.95,31.96,31.85,31.89,748616,NRG
2018-06-21 14:30:00,31.89,31.94,31.78,31.93,654576,NRG
2018-06-21 15:30:00,31.9,31.92,31.83,31.89,712017,NRG
2018-06-21 16:00:00,31.88,31.88,31.86,31.88,0,NRG
2018-06-21 17:00:00,31.6,31.6,31.6,31.6,0,NRG
2018-06-21 19:00:00,31.88,31.88,31.84,31.84,0,NRG
2018-06-22 09:00:00,32.22,32.22,32.22,32.22,0,NRG
2018-06-22 09:30:00,32.02,32.03,31.73,31.76,913678,NRG
2018-06-22 10:30:00,31.77,31.86,31.35,31.35,825531,NRG
2018-06-22 11:30:00,31.35,31.52,31.32,31.35,607367,NRG
2018-06-22 12:30:00,31.35,31.42,31.22,31.39,568328,NRG
2018-06-22 13:30:00,31.39,31.52,31.38,31.4,499963,NRG
2018-06-22 14:30:00,31.42,31.5,31.35,31.39,623955,NRG
2018-06-22 15:30:00,31.36,31.41,30.96,31.02,1824135,NRG
2018-06-22 16:00:00,31.02,31.41,31.02,31.02,0,NRG
2018-06-25 08:00:00,31.02,31.02,31.02,31.02,0,NRG
2018-06-25 09:00:00,31.05,31.05,31.05,31.05,0,NRG
2018-06-25 09:30:00,30.9,30.94,30.36,30.5,1431338,NRG
2018-06-25 10:30:00,30.52,30.84,30.52,30.67,1301154,NRG
2018-06-25 11:30:00,30.66,30.66,30.45,30.55,1017201,NRG
2018-06-25 12:30:00,30.54,30.95,30.5,30.94,570833,NRG
2018-06-25 13:30:00,30.93,31.05,30.88,30.98,845836,NRG
2018-06-25 14:30:00,31.0,31.1,30.92,31.05,745940,NRG
2018-06-25 15:30:00,31.05,31.19,31.04,31.07,1128981,NRG
2018-06-25 16:00:00,31.06,31.06,30.78,31.06,0,NRG
2018-06-25 17:00:00,31.06,31.06,31.06,31.06,0,NRG
2018-06-26 08:00:00,31.06,31.06,31.06,31.06,0,NRG
2018-06-26 09:30:00,31.3,31.57,31.16,31.48,2508480,NRG
2018-06-26 10:30:00,31.49,31.65,31.44,31.56,1078399,NRG
2018-06-26 11:30:00,31.54,31.57,31.31,31.33,725724,NRG
2018-06-26 12:30:00,31.32,31.48,31.31,31.48,775116,NRG
2018-06-26 13:30:00,31.47,31.47,31.27,31.29,651725,NRG
2018-06-26 14:30:00,31.29,31.39,31.25,31.31,488982,NRG
2018-06-26 15:30:00,31.32,31.4,31.28,31.32,629586,NRG
2018-06-27 09:00:00,31.33,31.33,31.33,31.33,0,NRG
2018-06-27 09:30:00,31.2,31.64,31.2,31.62,665633,NRG
2018-06-27 10:30:00,31.64,31.64,31.19,31.19,550907,NRG
2018-06-27 11:30:00,31.18,31.26,30.99,31.14,687781,NRG
2018-06-27 12:30:00,31.14,31.21,30.98,31.02,702447,NRG
2018-06-27 13:30:00,31.04,31.12,30.98,31.08,460111,NRG
2018-06-27 14:30:00,31.09,31.1,30.96,31.01,489849,NRG
2018-06-27 15:30:00,31.02,31.04,30.93,30.93,787343,NRG
2018-06-27 16:00:00,30.95,31.17,30.93,30.93,0,NRG
2018-06-28 09:30:00,30.87,31.32,30.87,31.22,606844,NRG
2018-06-28 10:30:00,31.2,31.2,30.92,30.93,471693,NRG
2018-06-28 11:30:00,30.91,30.93,30.73,30.78,491558,NRG
2018-06-28 12:30:00,30.79,30.9,30.68,30.88,407022,NRG
2018-06-28 13:30:00,30.88,30.88,30.72,30.81,446350,NRG
2018-06-28 14:30:00,30.81,31.0,30.79,30.88,634305,NRG
2018-06-28 15:30:00,30.88,30.88,30.69,30.71,1012054,NRG
2018-06-28 16:00:00,30.71,30.89,30.71,30.71,0,NRG
2018-06-28 17:00:00,30.71,30.71,30.71,30.71,0,NRG
2018-06-29 09:30:00,30.54,30.95,30.54,30.87,1054080,NRG
2018-06-29 10:30:00,30.89,31.02,30.88,30.99,549999,NRG
2018-06-29 11:30:00,31.01,31.07,30.87,30.87,475018,NRG
2018-06-29 12:30:00,30.88,30.91,30.75,30.78,492246,NRG
2018-06-29 13:30:00,30.79,30.84,30.66,30.79,537139,NRG
2018-06-29 14:30:00,30.79,30.83,30.68,30.8,546787,NRG
2018-06-29 15:30:00,30.8,30.81,30.7,30.7,825634,NRG
2018-06-29 16:00:00,30.71,30.82,30.7,30.7,0,NRG
2018-07-02 09:00:00,30.31,30.31,30.31,30.31,0,NRG
2018-07-02 09:30:00,30.08,30.65,29.93,30.51,663030,NRG
2018-07-02 10:30:00,30.49,30.68,30.37,30.57,603108,NRG
2018-07-02 11:30:00,30.56,30.67,30.49,30.5,468905,NRG
2018-07-02 12:30:00,30.5,30.79,30.5,30.77,456903,NRG
2018-07-02 13:30:00,30.77,30.86,30.73,30.77,468509,NRG
2018-07-02 14:30:00,30.77,30.98,30.77,30.93,533164,NRG
2018-07-02 15:30:00,30.93,31.02,30.89,30.98,671794,NRG
2018-07-02 16:00:00,30.97,30.97,30.71,30.74,0,NRG
2018-07-03 09:30:00,31.06,31.06,30.72,30.77,323183,NRG
2018-07-03 10:30:00,30.75,30.75,30.52,30.61,478782,NRG
2018-07-03 11:30:00,30.61,30.67,30.51,30.52,527641,NRG
2018-07-03 13:00:00,30.52,30.66,30.51,30.62,0,NRG
2018-07-05 09:00:00,30.49,30.49,30.43,30.43,0,NRG
2018-07-05 09:30:00,30.54,30.76,30.45,30.47,601690,NRG
2018-07-05 10:30:00,30.47,30.61,30.41,30.56,617717,NRG
2018-07-05 11:30:00,30.54,30.66,30.33,30.33,673463,NRG
2018-07-05 12:30:00,30.34,30.53,30.32,30.37,661098,NRG
2018-07-05 13:30:00,30.38,30.6,30.36,30.6,354096,NRG
2018-07-05 14:30:00,30.59,30.67,30.57,30.58,353960,NRG
2018-07-05 15:30:00,30.57,30.76,30.57,30.75,751976,NRG
2018-07-05 16:00:00,30.73,30.73,30.57,30.73,0,NRG
2018-07-06 09:30:00,30.7,31.2,30.7,31.11,418840,NRG
2018-07-06 10:30:00,31.11,31.22,31.03,31.08,413101,NRG
2018-07-06 11:30:00,31.06,31.11,30.98,31.1,285251,NRG
2018-07-06 12:30:00,31.1,31.14,30.99,31.12,309537,NRG
2018-07-06 13:30:00,31.12,31.14,31.02,31.03,236346,NRG
2018-07-06 14:30:00,31.03,31.12,31.0,31.11,316115,NRG
2018-07-06 15:30:00,31.12,31.16,31.08,31.15,450347,NRG
2018-07-06 16:00:00,31.13,31.13,31.09,31.13,0,NRG
2018-07-09 07:00:00,30.87,30.87,30.87,30.87,0,NRG
2018-07-09 09:30:00,31.04,31.41,31.04,31.29,449372,NRG
2018-07-09 10:30:00,31.31,31.4,31.18,31.24,394545,NRG
2018-07-09 11:30:00,31.24,31.27,31.17,31.22,509042,NRG
2018-07-09 12:30:00,31.22,31.23,30.9,30.9,420348,NRG
2018-07-09 13:30:00,30.9,30.94,30.49,30.5,651467,NRG
2018-07-09 14:30:00,30.5,30.57,30.4,30.53,840768,NRG
2018-07-09 15:30:00,30.53,30.62,30.49,30.57,828896,NRG
2018-07-09 16:00:00,30.87,30.87,30.5,30.5,0,NRG
2018-07-09 17:00:00,30.57,30.57,30.57,30.57,0,NRG
2018-07-10 09:00:00,30.41,30.41,30.4,30.4,0,NRG
2018-07-10 09:30:00,30.53,31.11,30.45,30.8,633085,NRG
2018-07-10 10:30:00,30.79,30.92,30.75,30.85,556794,NRG
2018-07-10 11:30:00,30.85,31.15,30.85,31.07,490578,NRG
2018-07-10 12:30:00,31.07,31.1,31.0,31.06,477555,NRG
2018-07-10 13:30:00,31.06,31.11,31.0,31.11,440403,NRG
2018-07-10 14:30:00,31.11,31.13,30.91,30.92,546309,NRG
2018-07-10 15:30:00,30.93,30.98,30.9,30.97,726536,NRG
2018-07-10 16:00:00,30.97,30.98,30.83,30.83,0,NRG
2018-07-11 09:00:00,30.97,30.97,30.97,30.97,0,NRG
2018-07-11 09:30:00,30.73,31.02,30.73,30.88,378120,NRG
2018-07-11 10:30:00,30.91,30.95,30.81,30.88,302417,NRG
2018-07-11 11:30:00,30.88,30.94,30.82,30.82,374971,NRG
2018-07-11 12:30:00,30.82,30.87,30.66,30.66,359068,NRG
2018-07-11 13:30:00,30.65,30.67,30.55,30.66,260525,NRG
2018-07-11 14:30:00,30.66,30.75,30.66,30.66,310136,NRG
2018-07-11 15:30:00,30.66,30.75,30.61,30.68,555710,NRG
2018-07-11 16:00:00,30.67,30.76,30.67,30.67,0,NRG
2018-07-12 09:30:00,30.81,30.81,30.53,30.63,193037,NRG
2018-07-12 10:30:00,30.64,30.78,30.57,30.78,188485,NRG
2018-07-12 11:30:00,30.78,30.94,30.78,30.93,199989,NRG
2018-07-12 12:30:00,30.93,31.12,30.89,31.12,262918,NRG
2018-07-12 13:30:00,31.12,31.24,31.05,31.14,393320,NRG
2018-07-12 14:30:00,31.13,31.29,31.11,31.28,393397,NRG
2018-07-12 15:30:00,31.28,31.54,31.28,31.47,1823965,NRG
2018-07-12 16:00:00,31.48,31.48,31.28,31.48,0,NRG
2018-07-12 17:00:00,31.48,31.48,31.48,31.48,0,NRG
2018-07-13 09:00:00,31.48,31.48,31.48,31.48,0,NRG
2018-07-13 09:30:00,31.49,31.55,31.26,31.39,313652,NRG
2018-07-13 10:30:00,31.41,31.62,31.4,31.59,403181,NRG
2018-07-13 11:30:00,31.58,31.67,31.5,31.66,359182,NRG
2018-07-13 12:30:00,31.65,31.7,31.58,31.68,357229,NRG
2018-07-13 13:30:00,31.68,31.71,31.54,31.55,335341,NRG
2018-07-13 14:30:00,31.55,31.63,31.53,31.55,253276,NRG
2018-07-13 15:30:00,31.55,31.63,31.55,31.58,431623,NRG
2018-07-13 16:00:00,31.57,31.57,31.56,31.57,0,NRG
2018-07-16 09:00:00,31.57,31.57,31.57,31.57,0,NRG
2018-07-16 09:30:00,31.54,31.62,31.39,31.47,345431,NRG
2018-07-16 10:30:00,31.47,31.53,31.33,31.44,480203,NRG
2018-07-16 11:30:00,31.47,31.61,31.45,31.61,247963,NRG
2018-07-16 12:30:00,31.61,31.82,31.57,31.81,309677,NRG
2018-07-16 13:30:00,31.81,32.15,31.81,32.13,453197,NRG
2018-07-16 14:30:00,32.13,32.22,32.05,32.17,846969,NRG
2018-07-16 15:30:00,32.12,32.2,32.1,32.16,628026,NRG
2018-07-16 16:00:00,32.15,32.15,31.96,31.96,0,NRG
2018-07-16 18:00:00,32.09,32.09,32.09,32.09,0,NRG
2018-07-17 09:00:00,32.15,32.18,32.15,32.18,0,NRG
2018-07-17 09:30:00,32.19,32.61,32.05,32.6,519635,NRG
2018-07-17 10:30:00,32.6,32.87,32.51,32.62,664155,NRG
2018-07-17 11:30:00,32.6,32.6,32.31,32.32,242141,NRG
2018-07-17 12:30:00,32.33,32.33,32.15,32.17,242231,NRG
2018-07-17 13:30:00,32.17,32.24,32.15,32.19,351537,NRG
2018-07-17 14:30:00,32.19,32.28,32.18,32.27,385958,NRG
2018-07-17 15:30:00,32.28,32.35,32.26,32.26,531479,NRG
2018-07-17 16:00:00,32.27,32.38,32.2,32.27,0,NRG
2018-07-18 09:00:00,32.6,32.6,32.6,32.6,0,NRG
2018-07-18 09:30:00,32.38,32.58,32.16,32.55,509938,NRG
2018-07-18 10:30:00,32.58,32.86,32.52,32.63,1344755,NRG
2018-07-18 11:30:00,32.62,32.66,32.53,32.62,340233,NRG
2018-07-18 12:30:00,32.63,32.68,32.45,32.48,384521,NRG
2018-07-18 13:30:00,32.47,32.53,32.41,32.44,334059,NRG
2018-07-18 14:30:00,32.43,32.57,32.42,32.54,390154,NRG
2018-07-18 15:30:00,32.55,32.57,32.47,32.47,780401,NRG
2018-07-18 16:00:00,32.74,32.74,32.47,32.54,0,NRG
2018-07-18 17:00:00,32.47,32.47,32.47,32.47,0,NRG
2018-07-19 09:30:00,32.47,32.5,31.87,32.11,360355,NRG
2018-07-19 10:30:00,32.13,32.23,31.97,32.17,722223,NRG
2018-07-19 11:30:00,32.17,32.44,32.13,32.44,420698,NRG
2018-07-19 12:30:00,32.44,32.49,32.37,32.4,300812,NRG
2018-07-19 13:30:00,32.39,32.56,32.36,32.49,231372,NRG
2018-07-19 14:30:00,32.5,32.5,32.43,32.44,225964,NRG
2018-07-19 15:30:00,32.44,32.44,32.29,32.3,830929,NRG
2018-07-19 16:00:00,32.3,32.3,32.3,32.3,0,NRG
2018-07-20 09:30:00,32.26,32.31,32.07,32.13,305731,NRG
2018-07-20 10:30:00,32.15,32.15,31.92,32.0,222457,NRG
2018-07-20 11:30:00,32.0,32.24,32.0,32.21,157620,NRG
2018-07-20 12:30:00,32.21,32.24,32.12,32.15,181583,NRG
2018-07-20 13:30:00,32.13,32.19,32.09,32.17,137009,NRG
2018-07-20 14:30:00,32.18,32.21,32.15,32.15,184135,NRG
2018-07-20 15:30:00,32.17,32.2,32.13,32.13,433509,NRG
2018-07-20 16:00:00,32.14,32.14,32.13,32.13,0,NRG
2018-07-23 09:30:00,32.14,32.16,31.73,31.77,360592,NRG
2018-07-23 10:30:00,31.8,31.92,31.73,31.86,154483,NRG
2018-07-23 11:30:00,31.84,31.86,31.74,31.83,170818,NRG
2018-07-23 12:30:00,31.8,31.88,31.8,31.86,241074,NRG
2018-07-23 13:30:00,31.85,31.93,31.8,31.8,391167,NRG
2018-07-23 14:30:00,31.8,31.83,31.6,31.71,382838,NRG
2018-07-23 15:30:00,31.71,31.71,31.56,31.61,461404,NRG
2018-07-23 16:00:00,31.6,31.77,31.6,31.6,0,NRG
2018-07-23 17:00:00,31.6,31.6,31.6,31.6,0,NRG
2018-07-24 09:00:00,31.6,31.6,31.6,31.6,0,NRG
2018-07-24 09:30:00,31.63,31.64,31.26,31.34,290736,NRG
2018-07-24 10:30:00,31.35,31.38,31.26,31.35,303301,NRG
2018-07-24 11:30:00,31.33,31.33,31.15,31.21,328017,NRG
2018-07-24 12:30:00,31.21,31.21,30.93,30.93,358347,NRG
2018-07-24 13:30:00,30.92,31.01,30.86,30.98,387742,NRG
2018-07-24 14:30:00,30.97,31.15,30.97,31.14,552847,NRG
2018-07-24 15:30:00,31.15,31.27,31.15,31.19,1382714,NRG
2018-07-24 16:00:00,31.2,31.2,31.18,31.18,0,NRG
2018-07-24 18:00:00,31.14,31.14,31.14,31.14,0,NRG
2018-07-25 08:00:00,31.2,31.2,31.2,31.2,0,NRG
2018-07-25 09:30:00,31.17,31.82,31.17,31.5,2285464,NRG
2018-07-25 10:30:00,31.5,31.54,31.4,31.53,305384,NRG
2018-07-25 11:30:00,31.52,31.66,31.51,31.61,258164,NRG
2018-07-25 12:30:00,31.6,31.61,31.55,31.58,253452,NRG
2018-07-25 13:30:00,31.58,31.6,31.44,31.48,272762,NRG
2018-07-25 14:30:00,31.49,31.5,31.33,31.35,290781,NRG
2018-07-25 15:30:00,31.34,31.42,31.33,31.36,967738,NRG
2018-07-25 16:00:00,31.36,31.58,31.36,31.58,0,NRG
2018-07-25 17:00:00,31.5,31.5,31.5,31.5,0,NRG
2018-07-26 09:00:00,31.1,31.1,31.1,31.1,0,NRG
2018-07-26 09:30:00,31.41,31.97,31.41,31.87,447081,NRG
2018-07-26 10:30:00,31.88,31.99,31.85,31.87,407953,NRG
2018-07-26 11:30:00,31.87,31.87,31.77,31.82,207177,NRG
2018-07-26 12:30:00,31.83,31.9,31.78,31.87,182952,NRG
2018-07-26 13:30:00,31.88,31.88,31.73,31.75,161617,NRG
2018-07-26 14:30:00,31.75,31.82,31.67,31.7,744411,NRG
2018-07-26 15:30:00,31.7,31.74,31.56,31.68,1140578,NRG
2018-07-26 16:00:00,31.69,31.73,31.68,31.73,0,NRG
2018-07-27 09:30:00,31.87,31.96,31.71,31.77,205460,NRG
2018-07-27 10:30:00,31.78,31.78,31.51,31.58,191051,NRG
2018-07-27 11:30:00,31.58,31.61,31.48,31.5,124915,NRG
2018-07-27 12:30:00,31.49,31.49,31.37,31.48,229963,NRG
2018-07-27 13:30:00,31.48,31.58,31.46,31.54,250714,NRG
2018-07-27 14:30:00,31.52,31.62,31.5,31.59,406080,NRG
2018-07-27 15:30:00,31.58,31.61,31.5,31.58,590247,NRG
2018-07-27 16:00:00,31.58,31.58,31.56,31.56,0,NRG
2018-07-30 09:30:00,31.17,31.24,30.97,31.09,912023,NRG
2018-07-30 10:30:00,31.1,31.21,31.05,31.12,629822,NRG
2018-07-30 11:30:00,31.12,31.15,30.95,30.98,1093634,NRG
2018-07-30 12:30:00,30.97,30.97,30.74,30.91,656970,NRG
2018-07-30 13:30:00,30.91,31.14,30.77,31.01,705368,NRG
2018-07-30 14:30:00,31.01,31.12,30.99,30.99,433798,NRG
2018-07-30 15:30:00,30.99,31.1,30.99,31.08,641181,NRG
2018-07-30 16:00:00,31.07,31.07,31.05,31.07,0,NRG
2018-07-31 09:30:00,31.11,31.45,30.94,31.44,477128,NRG
2018-07-31 10:30:00,31.42,31.45,31.21,31.41,456534,NRG
2018-07-31 11:30:00,31.4,31.74,31.35,31.73,361310,NRG
2018-07-31 12:30:00,31.73,31.85,31.69,31.77,357512,NRG
2018-07-31 13:30:00,31.77,31.77,31.55,31.68,465059,NRG
2018-07-31 14:30:00,31.68,31.78,31.62,31.78,434952,NRG
2018-07-31 15:30:00,31.79,31.8,31.68,31.68,852864,NRG
2018-07-31 16:00:00,31.04,31.67,31.04,31.59,0,NRG
2018-07-31 17:00:00,31.04,31.67,31.04,31.67,0,NRG
2018-08-01 08:00:00,31.67,31.67,31.67,31.67,0,NRG
2018-08-01 09:30:00,31.51,31.58,31.16,31.41,753307,NRG
2018-08-01 10:30:00,31.47,31.58,31.24,31.57,437958,NRG
2018-08-01 11:30:00,31.54,31.65,31.45,31.6,282702,NRG
2018-08-01 12:30:00,31.59,31.59,31.47,31.58,340070,NRG
2018-08-01 13:30:00,31.57,31.66,31.52,31.66,551389,NRG
2018-08-01 14:30:00,31.65,31.83,31.6,31.73,617095,NRG
2018-08-01 15:30:00,31.73,31.98,31.73,31.89,1037006,NRG
2018-08-01 16:00:00,31.9,31.9,31.63,31.9,0,NRG
2018-08-01 17:00:00,32.0,32.0,32.0,32.0,0,NRG
2018-08-01 19:00:00,31.95,31.95,31.95,31.95,0,NRG
2018-08-02 08:00:00,31.9,31.9,31.9,31.9,0,NRG
2018-08-02 09:00:00,31.5,31.5,31.0,31.0,0,NRG
2018-08-02 09:30:00,31.33,32.1,31.0,31.98,824743,NRG
2018-08-02 10:30:00,31.99,32.42,31.95,32.16,1050199,NRG
2018-08-02 11:30:00,32.17,32.19,31.43,31.46,1017580,NRG
2018-08-02 12:30:00,31.45,31.65,31.15,31.5,677494,NRG
2018-08-02 13:30:00,31.51,31.9,31.5,31.76,472326,NRG
2018-08-02 14:30:00,31.75,31.78,31.62,31.62,505768,NRG
2018-08-02 15:30:00,31.62,31.66,31.5,31.56,750972,NRG
2018-08-02 16:00:00,31.57,31.75,31.57,31.57,0,NRG
2018-08-03 09:30:00,31.74,32.58,31.74,32.44,1230024,NRG
2018-08-03 10:30:00,32.47,32.68,32.42,32.67,906991,NRG
2018-08-03 11:30:00,32.68,32.75,32.46,32.61,618715,NRG
2018-08-03 12:30:00,32.61,32.9,32.61,32.88,531586,NRG
2018-08-03 13:30:00,32.9,32.94,32.62,32.68,461122,NRG
2018-08-03 14:30:00,32.68,32.69,32.43,32.49,691366,NRG
2018-08-03 15:30:00,32.5,32.66,32.5,32.59,945245,NRG
2018-08-03 16:00:00,32.61,32.61,32.54,32.61,0,NRG
2018-08-06 08:00:00,32.6,32.95,32.6,32.95,0,NRG
2018-08-06 09:00:00,33.47,33.47,32.8,32.94,0,NRG
2018-08-06 09:30:00,32.95,33.51,32.95,33.22,1542560,NRG
2018-08-06 10:30:00,33.16,33.17,33.01,33.12,488716,NRG
2018-08-06 11:30:00,33.13,33.21,33.0,33.18,504627,NRG
2018-08-06 12:30:00,33.19,33.29,33.17,33.21,354534,NRG
2018-08-06 13:30:00,33.22,33.23,33.1,33.23,318877,NRG
2018-08-06 14:30:00,33.23,33.33,33.14,33.33,379232,NRG
2018-08-06 15:30:00,33.33,33.45,33.26,33.3,935590,NRG
2018-08-06 16:00:00,33.31,33.31,33.23,33.31,0,NRG
2018-08-07 09:30:00,33.57,34.0,33.57,33.72,1030308,NRG
2018-08-07 10:30:00,33.72,34.06,33.69,34.01,594721,NRG
2018-08-07 11:30:00,33.99,34.28,33.93,34.26,353042,NRG
2018-08-07 12:30:00,34.27,34.33,34.16,34.17,978651,NRG
2018-08-07 13:30:00,34.17,34.24,34.01,34.03,492421,NRG
2018-08-07 14:30:00,34.03,34.3,34.01,34.23,625506,NRG
2018-08-07 15:30:00,34.22,34.26,34.19,34.21,1035636,NRG
2018-08-07 16:00:00,34.2,34.2,34.07,34.2,0,NRG
2018-08-08 09:00:00,34.2,34.2,34.2,34.2,0,NRG
2018-08-08 09:30:00,34.29,34.37,33.99,34.17,910299,NRG
2018-08-08 10:30:00,34.16,34.23,34.05,34.1,614135,NRG
2018-08-08 11:30:00,34.09,34.17,34.01,34.04,443417,NRG
2018-08-08 12:30:00,34.02,34.13,34.01,34.1,278723,NRG
2018-08-08 13:30:00,34.11,34.22,34.08,34.19,343979,NRG
2018-08-08 14:30:00,34.19,34.24,34.1,34.21,337907,NRG
2018-08-08 15:30:00,34.22,34.25,34.16,34.21,548507,NRG
2018-08-08 16:00:00,34.2,34.2,34.16,34.2,0,NRG
2018-08-08 18:00:00,33.71,33.71,33.71,33.71,0,NRG
2018-08-09 09:30:00,34.21,34.39,34.1,34.35,269657,NRG
2018-08-09 10:30:00,34.3,34.33,34.16,34.19,202552,NRG
2018-08-09 11:30:00,34.19,34.3,34.15,34.27,182992,NRG
2018-08-09 12:30:00,34.28,34.34,34.14,34.15,287428,NRG
2018-08-09 13:30:00,34.16,34.25,34.1,34.11,209454,NRG
2018-08-09 14:30:00,34.1,34.13,34.01,34.1,491410,NRG
2018-08-09 15:30:00,34.11,34.15,34.05,34.13,619699,NRG
2018-08-09 16:00:00,34.13,34.16,34.13,34.13,0,NRG
2018-08-10 09:30:00,34.19,34.53,34.14,34.46,324373,NRG
2018-08-10 10:30:00,34.46,34.67,34.4,34.61,395573,NRG
2018-08-10 11:30:00,34.6,34.61,34.06,34.14,325427,NRG
2018-08-10 12:30:00,34.15,34.16,33.96,33.99,237469,NRG
2018-08-10 13:30:00,33.98,33.98,33.85,33.88,194667,NRG
2018-08-10 14:30:00,33.88,33.89,33.77,33.83,278172,NRG
2018-08-10 15:30:00,33.83,33.83,33.71,33.78,494123,NRG
2018-08-10 16:00:00,33.79,34.1,33.79,34.07,0,NRG
2018-08-10 18:00:00,33.79,33.79,33.79,33.79,0,NRG
2018-08-13 08:00:00,33.79,33.79,33.79,33.79,0,NRG
2018-08-13 09:30:00,33.69,33.9,33.57,33.57,230198,NRG
2018-08-13 10:30:00,33.6,33.69,33.26,33.33,547643,NRG
2018-08-13 11:30:00,33.35,33.36,33.02,33.02,396107,NRG
2018-08-13 12:30:00,33.03,33.03,32.81,32.85,322838,NRG
2018-08-13 13:30:00,32.87,32.9,32.72,32.8,416626,NRG
2018-08-13 14:30:00,32.81,32.82,32.67,32.67,552325,NRG
2018-08-13 15:30:00,32.67,32.69,32.46,32.5,1032984,NRG
2018-08-13 16:00:00,32.5,32.9,32.5,32.5,0,NRG
2018-08-14 09:00:00,32.63,32.64,32.63,32.63,0,NRG
2018-08-14 09:30:00,32.48,32.79,32.48,32.74,501086,NRG
2018-08-14 10:30:00,32.73,32.89,32.71,32.82,414413,NRG
2018-08-14 11:30:00,32.84,33.0,32.77,32.97,333357,NRG
2018-08-14 12:30:00,32.97,32.97,32.78,32.79,252786,NRG
2018-08-14 13:30:00,32.79,32.85,32.75,32.76,216415,NRG
2018-08-14 14:30:00,32.77,32.82,32.71,32.76,254873,NRG
2018-08-14 15:30:00,32.76,32.88,32.76,32.83,641443,NRG
2018-08-14 16:00:00,32.83,32.9,32.82,32.83,0,NRG
2018-08-15 09:30:00,32.71,32.77,32.51,32.61,335893,NRG
2018-08-15 10:30:00,32.63,32.72,32.58,32.65,342696,NRG
2018-08-15 11:30:00,32.65,32.74,32.6,32.64,736273,NRG
2018-08-15 12:30:00,32.65,32.74,32.6,32.65,292064,NRG
2018-08-15 13:30:00,32.65,32.69,32.52,32.56,372655,NRG
2018-08-15 14:30:00,32.57,32.6,32.42,32.43,528120,NRG
2018-08-15 15:30:00,32.46,32.65,32.43,32.62,1633211,NRG
2018-08-15 16:00:00,32.61,32.61,32.61,32.61,0,NRG
2018-08-16 08:00:00,32.61,32.61,32.61,32.61,0,NRG
2018-08-16 09:00:00,33.27,33.27,33.27,33.27,0,NRG
2018-08-16 09:30:00,32.77,33.38,32.66,33.38,473028,NRG
2018-08-16 10:30:00,33.34,33.64,33.33,33.51,610170,NRG
2018-08-16 11:30:00,33.52,33.6,33.49,33.58,528260,NRG
2018-08-16 12:30:00,33.59,33.79,33.58,33.67,452553,NRG
2018-08-16 13:30:00,33.67,33.81,33.63,33.72,460782,NRG
2018-08-16 14:30:00,33.71,33.98,33.71,33.74,1159788,NRG
2018-08-16 15:30:00,33.74,33.88,33.74,33.79,780030,NRG
2018-08-16 16:00:00,33.63,33.79,33.63,33.79,0,NRG
2018-08-17 09:30:00,33.56,33.93,33.43,33.93,585735,NRG
2018-08-17 10:30:00,33.92,34.04,33.85,33.97,535826,NRG
2018-08-17 11:30:00,33.99,34.17,33.99,34.11,334318,NRG
2018-08-17 12:30:00,34.13,34.13,33.95,33.97,258801,NRG
2018-08-17 13:30:00,33.97,34.01,33.92,33.96,366132,NRG
2018-08-17 14:30:00,33.96,34.07,33.94,33.94,379821,NRG
2018-08-17 15:30:00,33.94,33.95,33.87,33.94,713583,NRG
2018-08-17 16:00:00,33.95,33.96,33.93,33.96,0,NRG
2018-08-20 09:30:00,34.04,34.07,33.76,33.8,271706,NRG
2018-08-20 10:30:00,33.78,33.9,33.68,33.8,304915,NRG
2018-08-20 11:30:00,33.81,34.01,33.77,33.99,233170,NRG
2018-08-20 12:30:00,33.99,34.01,33.88,34.01,125106,NRG
2018-08-20 13:30:00,34.01,34.07,33.95,33.97,159664,NRG
2018-08-20 14:30:00,33.96,34.15,33.93,34.08,240276,NRG
2018-08-20 15:30:00,34.08,34.17,34.08,34.17,446394,NRG
2018-08-20 16:00:00,34.18,34.18,34.18,34.18,0,NRG
2018-08-20 17:00:00,34.18,34.18,34.18,34.18,0,NRG
2018-08-21 09:30:00,34.17,34.41,34.13,34.3,310883,NRG
2018-08-21 10:30:00,34.26,34.26,33.97,34.06,536054,NRG
2018-08-21 11:30:00,34.06,34.1,33.86,33.86,235584,NRG
2018-08-21 12:30:00,33.85,33.88,33.72,33.79,247264,NRG
2018-08-21 13:30:00,33.78,33.82,33.67,33.76,364082,NRG
2018-08-21 14:30:00,33.75,33.77,33.71,33.76,485715,NRG
2018-08-21 15:30:00,33.76,33.78,33.73,33.73,520225,NRG
2018-08-21 16:00:00,33.74,33.74,33.74,33.74,0,NRG
2018-08-22 08:00:00,33.74,33.74,33.74,33.74,0,NRG
2018-08-22 09:00:00,33.9,33.9,33.9,33.9,0,NRG
2018-08-22 09:30:00,33.37,33.72,33.32,33.68,384416,NRG
2018-08-22 10:30:00,33.66,33.8,33.6,33.61,320487,NRG
2018-08-22 11:30:00,33.6,33.63,33.55,33.62,160427,NRG
2018-08-22 12:30:00,33.61,33.62,33.55,33.55,137788,NRG
2018-08-22 13:30:00,33.56,33.66,33.55,33.58,212287,NRG
2018-08-22 14:30:00,33.58,33.69,33.55,33.67,280041,NRG
2018-08-22 15:30:00,33.67,33.74,33.67,33.73,609873,NRG
2018-08-22 16:00:00,33.71,33.71,33.67,33.67,0,NRG
2018-08-23 08:00:00,34.0,34.0,34.0,34.0,0,NRG
2018-08-23 09:30:00,33.55,33.61,33.4,33.44,272219,NRG
2018-08-23 10:30:00,33.45,33.51,33.29,33.31,472531,NRG
2018-08-23 11:30:00,33.31,33.47,33.28,33.39,220839,NRG
2018-08-23 12:30:00,33.38,33.47,33.32,33.47,178589,NRG
2018-08-23 13:30:00,33.49,33.52,33.44,33.5,214728,NRG
2018-08-23 14:30:00,33.5,33.58,33.47,33.54,199531,NRG
2018-08-23 15:30:00,33.54,33.54,33.38,33.42,492796,NRG
2018-08-23 16:00:00,33.43,33.43,33.43,33.43,0,NRG
2018-08-24 09:30:00,33.6,33.88,33.57,33.77,141953,NRG
2018-08-24 10:30:00,33.79,33.89,33.74,33.8,181881,NRG
2018-08-24 11:30:00,33.81,33.97,33.81,33.94,138621,NRG
2018-08-24 12:30:00,33.94,34.06,33.94,34.05,179928,NRG
2018-08-24 13:30:00,34.05,34.19,33.95,34.14,170700,NRG
2018-08-24 14:30:00,34.16,34.17,34.01,34.03,134317,NRG
2018-08-24 15:30:00,34.04,34.12,34.04,34.09,386547,NRG
2018-08-24 16:00:00,34.09,34.09,33.99,34.09,0,NRG
2018-08-27 09:30:00,34.21,34.62,34.21,34.23,325152,NRG
2018-08-27 10:30:00,34.2,34.36,34.13,34.3,275925,NRG
2018-08-27 11:30:00,34.3,34.33,34.13,34.14,167347,NRG
2018-08-27 12:30:00,34.15,34.16,33.97,33.98,123179,NRG
2018-08-27 13:30:00,33.98,34.06,33.92,34.01,125941,NRG
2018-08-27 14:30:00,34.01,34.19,34.0,34.13,299996,NRG
2018-08-27 15:30:00,34.13,34.18,34.12,34.16,332737,NRG
2018-08-27 16:00:00,34.15,34.2,34.15,34.2,0,NRG
2018-08-28 09:00:00,34.15,34.15,34.15,34.15,0,NRG
2018-08-28 09:30:00,34.06,34.26,33.94,34.12,178517,NRG
2018-08-28 10:30:00,34.13,34.2,33.97,34.17,155067,NRG
2018-08-28 11:30:00,34.17,34.36,34.17,34.34,217965,NRG
2018-08-28 12:30:00,34.35,34.37,34.08,34.1,159817,NRG
2018-08-28 13:30:00,34.08,34.15,33.99,33.99,210098,NRG
2018-08-28 14:30:00,33.99,34.15,33.98,34.13,190900,NRG
2018-08-28 15:30:00,34.13,34.18,34.11,34.17,311393,NRG
2018-08-28 16:00:00,34.17,34.2,34.17,34.2,0,NRG
2018-08-29 09:30:00,34.32,34.32,34.0,34.07,267425,NRG
2018-08-29 10:30:00,34.12,34.21,34.11,34.2,180107,NRG
2018-08-29 11:30:00,34.2,34.28,34.19,34.21,164082,NRG
2018-08-29 12:30:00,34.22,34.43,34.22,34.41,394080,NRG
2018-08-29 13:30:00,34.42,34.42,34.29,34.31,184572,NRG
2018-08-29 14:30:00,34.31,34.49,34.31,34.43,742806,NRG
2018-08-29 15:30:00,34.44,34.46,34.36,34.37,322783,NRG
2018-08-29 16:00:00,34.36,34.75,34.33,34.36,0,NRG
2018-08-30 09:30:00,34.36,34.48,34.16,34.38,303933,NRG
2018-08-30 10:30:00,34.35,34.71,34.34,34.62,304419,NRG
2018-08-30 11:30:00,34.61,34.65,34.54,34.58,172055,NRG
2018-08-30 12:30:00,34.6,34.74,34.56,34.65,209669,NRG
2018-08-30 13:30:00,34.67,34.76,34.51,34.62,437568,NRG
2018-08-30 14:30:00,34.6,34.66,34.54,34.65,254966,NRG
2018-08-30 15:30:00,34.65,34.74,34.64,34.66,464128,NRG
2018-08-30 16:00:00,34.65,34.65,34.58,34.65,0,NRG
2018-08-31 09:00:00,34.7,34.7,34.7,34.7,0,NRG
2018-08-31 09:30:00,34.74,35.66,34.74,35.48,832626,NRG
2018-08-31 10:30:00,35.45,35.76,35.45,35.65,478528,NRG
2018-08-31 11:30:00,35.67,35.73,35.47,35.53,518565,NRG
2018-08-31 12:30:00,35.54,35.54,35.28,35.29,357632,NRG
2018-08-31 13:30:00,35.29,35.45,35.27,35.33,271369,NRG
2018-08-31 14:30:00,35.32,35.36,35.23,35.29,363752,NRG
2018-08-31 15:30:00,35.3,35.4,35.26,35.38,794068,NRG
2018-08-31 16:00:00,35.39,35.43,35.39,35.39,0,NRG
2018-08-31 17:00:00,35.39,35.39,35.39,35.39,0,NRG
2018-09-04 09:00:00,35.39,35.45,35.39,35.45,0,NRG
2018-09-04 09:30:00,35.35,35.9,35.35,35.49,820813,NRG
2018-09-04 10:30:00,35.55,35.55,35.32,35.5,603219,NRG
2018-09-04 11:30:00,35.49,35.64,35.47,35.51,467836,NRG
2018-09-04 12:30:00,35.51,35.62,35.48,35.48,360166,NRG
2018-09-04 13:30:00,35.5,35.62,35.5,35.61,326048,NRG
2018-09-04 14:30:00,35.6,35.66,35.53,35.61,480646,NRG
2018-09-04 15:30:00,35.61,35.69,35.51,35.62,794912,NRG
2018-09-04 16:00:00,35.62,35.62,35.55,35.62,0,NRG
2018-09-04 17:00:00,35.58,35.58,35.58,35.58,0,NRG
2018-09-05 09:00:00,35.62,35.62,35.62,35.62,0,NRG
2018-09-05 09:30:00,35.7,35.7,34.85,34.96,849650,NRG
2018-09-05 10:30:00,34.94,35.13,34.9,35.13,488616,NRG
2018-09-05 11:30:00,35.14,35.35,34.99,35.32,397970,NRG
2018-09-05 12:30:00,35.33,35.49,35.33,35.35,460001,NRG
2018-09-05 13:30:00,35.35,35.39,35.26,35.31,378888,NRG
2018-09-05 14:30:00,35.3,35.34,35.16,35.26,618215,NRG
2018-09-05 15:30:00,35.26,35.28,35.19,35.27,625096,NRG
2018-09-05 16:00:00,35.27,35.27,35.15,35.27,0,NRG
2018-09-05 18:00:00,35.27,35.27,35.27,35.27,0,NRG
2018-09-06 09:30:00,35.22,35.4,35.14,35.21,329730,NRG
2018-09-06 10:30:00,35.2,35.33,35.06,35.13,406526,NRG
2018-09-06 11:30:00,35.13,35.38,35.0,35.25,472572,NRG
2018-09-06 12:30:00,35.25,35.27,34.9,34.97,293929,NRG
2018-09-06 13:30:00,34.97,35.25,34.96,35.09,355209,NRG
2018-09-06 14:30:00,35.1,35.24,35.09,35.19,489318,NRG
2018-09-06 15:30:00,35.19,35.26,34.96,34.98,863796,NRG
2018-09-06 16:00:00,34.98,35.12,34.98,35.12,0,NRG
2018-09-06 17:00:00,34.98,34.98,34.98,34.98,0,NRG
2018-09-07 09:30:00,34.58,34.76,34.55,34.64,667835,NRG
2018-09-07 10:30:00,34.64,34.69,34.52,34.6,617937,NRG
2018-09-07 11:30:00,34.58,34.64,34.52,34.59,396420,NRG
2018-09-07 12:30:00,34.6,34.67,34.53,34.67,230519,NRG
2018-09-07 13:30:00,34.67,34.83,34.62,34.8,243451,NRG
2018-09-07 14:30:00,34.81,34.88,34.79,34.83,239071,NRG
2018-09-07 15:30:00,34.84,34.87,34.78,34.8,417661,NRG
2018-09-07 16:00:00,34.8,34.8,34.67,34.8,0,NRG
2018-09-10 09:30:00,35.05,35.29,34.81,34.86,225959,NRG
2018-09-10 10:30:00,34.89,35.38,34.86,35.24,652560,NRG
2018-09-10 11:30:00,35.21,35.25,35.1,35.18,264688,NRG
2018-09-10 12:30:00,35.19,35.28,35.15,35.23,206533,NRG
2018-09-10 13:30:00,35.24,35.28,35.22,35.22,220618,NRG
2018-09-10 14:30:00,35.23,35.33,35.18,35.29,368493,NRG
2018-09-10 15:30:00,35.28,35.38,35.25,35.25,400512,NRG
2018-09-10 16:00:00,35.26,35.26,35.14,35.23,0,NRG
2018-09-11 09:30:00,35.12,35.51,35.03,35.45,292045,NRG
2018-09-11 10:30:00,35.45,35.47,35.31,35.4,144673,NRG
2018-09-11 11:30:00,35.38,35.4,35.3,35.34,166398,NRG
2018-09-11 12:30:00,35.33,35.38,35.27,35.28,192197,NRG
2018-09-11 13:30:00,35.27,35.28,35.14,35.21,202901,NRG
2018-09-11 14:30:00,35.21,35.36,35.2,35.36,248616,NRG
2018-09-11 15:30:00,35.35,35.42,35.31,35.41,421970,NRG
2018-09-11 16:00:00,35.41,35.42,35.34,35.42,0,NRG
2018-09-11 17:00:00,35.41,35.41,35.41,35.41,0,NRG
2018-09-12 09:30:00,35.54,35.68,35.39,35.55,323361,NRG
2018-09-12 10:30:00,35.56,35.61,35.45,35.45,271627,NRG
2018-09-12 11:30:00,35.45,35.72,35.44,35.65,283961,NRG
2018-09-12 12:30:00,35.67,35.74,35.63,35.7,198667,NRG
2018-09-12 13:30:00,35.7,35.83,35.68,35.68,363553,NRG
2018-09-12 14:30:00,35.68,35.8,35.65,35.69,312120,NRG
2018-09-12 15:30:00,35.7,35.8,35.7,35.77,683878,NRG
2018-09-12 16:00:00,35.77,35.77,35.57,35.69,0,NRG
2018-09-12 17:00:00,35.77,35.77,35.77,35.77,0,NRG
2018-09-13 09:00:00,35.77,35.77,35.77,35.77,0,NRG
2018-09-13 09:30:00,35.93,35.98,35.5,35.81,346293,NRG
2018-09-13 10:30:00,35.83,35.88,35.7,35.83,174760,NRG
2018-09-13 11:30:00,35.85,36.0,35.78,35.99,114498,NRG
2018-09-13 12:30:00,35.99,36.17,35.91,36.17,241286,NRG
2018-09-13 13:30:00,36.16,36.35,36.11,36.28,332851,NRG
2018-09-13 14:30:00,36.28,36.36,35.78,36.2,738118,NRG
2018-09-13 15:30:00,36.19,36.21,36.12,36.18,911966,NRG
2018-09-13 16:00:00,36.17,36.17,36.09,36.09,0,NRG
2018-09-13 17:00:00,36.17,36.17,36.17,36.17,0,NRG
2018-09-14 09:30:00,36.25,36.5,36.15,36.46,420299,NRG
2018-09-14 10:30:00,36.5,36.67,36.45,36.46,352604,NRG
2018-09-14 11:30:00,36.46,36.55,36.38,36.42,230266,NRG
2018-09-14 12:30:00,36.44,36.49,36.29,36.31,198833,NRG
2018-09-14 13:30:00,36.31,36.4,36.26,36.31,348831,NRG
2018-09-14 14:30:00,36.31,36.33,36.21,36.28,422875,NRG
2018-09-14 15:30:00,36.27,36.31,36.24,36.24,503667,NRG
2018-09-14 16:00:00,36.24,36.36,36.24,36.24,0,NRG
2018-09-17 09:30:00,36.34,36.34,35.9,35.99,291417,NRG
2018-09-17 10:30:00,36.02,36.08,35.94,35.95,249038,NRG
2018-09-17 11:30:00,35.95,35.97,35.74,35.76,300128,NRG
2018-09-17 12:30:00,35.76,35.79,35.64,35.78,267380,NRG
2018-09-17 13:30:00,35.76,35.84,35.72,35.77,336321,NRG
2018-09-17 14:30:00,35.77,35.77,35.55,35.63,366514,NRG
2018-09-17 15:30:00,35.63,35.68,35.49,35.5,980568,NRG
2018-09-17 16:00:00,35.5,35.72,35.5,35.7,0,NRG
2018-09-17 17:00:00,35.5,35.5,35.5,35.5,0,NRG
2018-09-18 09:00:00,35.52,35.52,35.52,35.52,0,NRG
2018-09-18 09:30:00,35.77,36.07,35.66,35.97,344033,NRG
2018-09-18 10:30:00,36.0,36.12,35.88,35.94,291709,NRG
2018-09-18 11:30:00,35.97,36.02,35.96,35.99,182944,NRG
2018-09-18 12:30:00,35.97,35.97,35.79,35.96,314699,NRG
2018-09-18 13:30:00,35.97,36.06,35.93,36.03,180051,NRG
2018-09-18 14:30:00,36.03,36.05,35.95,35.96,255902,NRG
2018-09-18 15:30:00,35.97,35.97,35.88,35.88,390035,NRG
2018-09-18 16:00:00,35.88,35.88,35.88,35.88,0,NRG
2018-09-18 17:00:00,35.88,35.88,35.88,35.88,0,NRG
2018-09-18 18:00:00,35.88,35.88,35.88,35.88,0,NRG
2018-09-19 09:30:00,36.16,36.16,35.77,35.97,403504,NRG
2018-09-19 10:30:00,35.97,36.09,35.81,35.83,418928,NRG
2018-09-19 11:30:00,35.79,35.82,35.51,35.52,199026,NRG
2018-09-19 12:30:00,35.52,35.57,35.43,35.49,186740,NRG
2018-09-19 13:30:00,35.52,35.52,35.35,35.43,159849,NRG
2018-09-19 14:30:00,35.42,35.55,35.39,35.54,447380,NRG
2018-09-19 15:30:00,35.54,35.65,35.51,35.58,384470,NRG
2018-09-19 16:00:00,35.58,35.58,35.58,35.58,0,NRG
2018-09-19 17:00:00,35.58,35.58,35.58,35.58,0,NRG
2018-09-20 09:30:00,35.72,35.94,35.54,35.75,254732,NRG
2018-09-20 10:30:00,35.79,35.87,35.69,35.8,306489,NRG
2018-09-20 11:30:00,35.81,36.07,35.78,36.03,359760,NRG
2018-09-20 12:30:00,36.05,36.08,35.93,36.03,379723,NRG
2018-09-20 13:30:00,36.03,36.03,35.85,35.92,257332,NRG
2018-09-20 14:30:00,35.92,35.98,35.83,35.84,737415,NRG
2018-09-20 15:30:00,35.83,35.92,35.8,35.83,1569124,NRG
2018-09-20 16:00:00,35.83,35.89,35.78,35.83,0,NRG
2018-09-21 09:30:00,35.94,36.18,35.87,35.94,1064639,NRG
2018-09-21 10:30:00,35.97,36.26,35.88,36.22,318383,NRG
2018-09-21 11:30:00,36.21,36.25,36.13,36.17,247931,NRG
2018-09-21 12:30:00,36.17,36.32,36.12,36.31,323488,NRG
2018-09-21 13:30:00,36.32,36.38,36.28,36.33,484868,NRG
2018-09-21 14:30:00,36.33,36.36,36.2,36.26,393251,NRG
2018-09-21 15:30:00,36.26,36.31,36.14,36.14,736192,NRG
2018-09-21 16:00:00,36.16,36.19,35.9,36.19,0,NRG
2018-09-21 17:00:00,36.16,36.16,36.16,36.16,0,NRG
2018-09-24 08:00:00,36.16,36.16,36.16,36.16,0,NRG
2018-09-24 09:30:00,36.02,36.44,36.02,36.24,350051,NRG
2018-09-24 10:30:00,36.21,36.21,36.04,36.1,293761,NRG
2018-09-24 11:30:00,36.14,36.16,35.99,36.06,262287,NRG
2018-09-24 12:30:00,36.07,36.14,36.03,36.07,238612,NRG
2018-09-24 13:30:00,36.06,36.15,36.04,36.09,304520,NRG
2018-09-24 14:30:00,36.09,36.14,36.05,36.05,353772,NRG
2018-09-24 15:30:00,36.06,36.12,36.05,36.1,548974,NRG
2018-09-24 16:00:00,36.09,36.11,36.09,36.11,0,NRG
2018-09-24 17:00:00,36.11,36.16,36.11,36.16,0,NRG
2018-09-24 18:00:00,36.09,36.09,36.09,36.09,0,NRG
2018-09-25 07:00:00,35.53,35.53,35.44,35.44,0,NRG
2018-09-25 09:30:00,36.0,36.0,35.36,35.47,257474,NRG
2018-09-25 10:30:00,35.47,35.52,35.4,35.46,466655,NRG
2018-09-25 11:30:00,35.47,35.72,35.47,35.69,259084,NRG
2018-09-25 12:30:00,35.68,35.69,35.56,35.62,227304,NRG
2018-09-25 13:30:00,35.63,35.79,35.62,35.79,202006,NRG
2018-09-25 14:30:00,35.8,35.85,35.75,35.83,177056,NRG
2018-09-25 15:30:00,35.83,35.85,35.75,35.8,442564,NRG
2018-09-25 16:00:00,35.79,35.79,35.68,35.79,0,NRG
2018-09-25 18:00:00,35.79,35.79,35.79,35.79,0,NRG
2018-09-26 09:30:00,35.82,35.85,35.67,35.68,267089,NRG
2018-09-26 10:30:00,35.69,35.82,35.69,35.74,458425,NRG
2018-09-26 11:30:00,35.73,35.96,35.73,35.76,295833,NRG
2018-09-26 12:30:00,35.77,35.82,35.72,35.79,229727,NRG
2018-09-26 13:30:00,35.77,35.94,35.7,35.77,409838,NRG
2018-09-26 14:30:00,35.77,35.82,35.69,35.81,454084,NRG
2018-09-26 15:30:00,35.78,35.81,35.51,35.56,836323,NRG
2018-09-26 16:00:00,35.56,35.7,35.56,35.7,0,NRG
2018-09-27 09:30:00,35.73,36.01,35.6,36.01,328550,NRG
2018-09-27 10:30:00,35.98,36.15,35.96,36.11,423640,NRG
2018-09-27 11:30:00,36.14,36.32,36.08,36.26,349838,NRG
2018-09-27 12:30:00,36.26,36.31,36.2,36.31,294271,NRG
2018-09-27 13:30:00,36.3,36.33,36.24,36.24,305828,NRG
2018-09-27 14:30:00,36.24,36.3,36.16,36.24,352959,NRG
2018-09-27 15:30:00,36.24,36.47,36.24,36.47,947945,NRG
2018-09-27 16:00:00,36.45,36.45,36.12,36.45,0,NRG
2018-09-27 17:00:00,36.45,36.45,36.45,36.45,0,NRG
2018-09-28 09:30:00,36.51,36.99,36.51,36.66,493047,NRG
2018-09-28 10:30:00,36.66,36.99,36.66,36.97,584637,NRG
2018-09-28 11:30:00,36.98,37.26,36.79,37.25,321971,NRG
2018-09-28 12:30:00,37.27,37.42,37.2,37.28,346056,NRG
2018-09-28 13:30:00,37.27,37.28,37.15,37.19,305590,NRG
2018-09-28 14:30:00,37.19,37.37,37.15,37.33,420814,NRG
2018-09-28 15:30:00,37.33,37.4,37.31,37.4,992362,NRG
2018-09-28 16:00:00,37.4,37.4,37.4,37.4,0,NRG
2018-10-01 09:30:00,37.44,37.45,37.09,37.41,817889,NRG
2018-10-01 10:30:00,37.38,37.46,37.18,37.43,444909,NRG
2018-10-01 11:30:00,37.42,37.62,37.35,37.53,465584,NRG
2018-10-01 12:30:00,37.54,37.69,37.42,37.61,477170,NRG
2018-10-01 13:30:00,37.6,37.6,37.37,37.42,548948,NRG
2018-10-01 14:30:00,37.42,37.55,37.39,37.54,410543,NRG
2018-10-01 15:30:00,37.55,37.62,37.47,37.61,1255590,NRG
2018-10-01 16:00:00,37.62,37.62,37.48,37.49,0,NRG
2018-10-01 17:00:00,37.62,38.04,37.62,38.04,0,NRG
2018-10-02 09:30:00,37.89,37.95,37.27,37.33,593230,NRG
2018-10-02 10:30:00,37.37,37.39,37.17,37.27,586187,NRG
2018-10-02 11:30:00,37.28,37.54,37.22,37.53,315899,NRG
2018-10-02 12:30:00,37.53,37.8,37.45,37.79,286726,NRG
2018-10-02 13:30:00,37.79,38.05,37.74,37.83,681899,NRG
2018-10-02 14:30:00,37.85,37.85,37.58,37.66,405410,NRG
2018-10-02 15:30:00,37.66,37.79,37.66,37.69,833373,NRG
2018-10-02 16:00:00,37.68,37.68,37.62,37.62,0,NRG
2018-10-02 17:00:00,37.61,37.61,37.61,37.61,0,NRG
2018-10-03 09:30:00,37.8,38.09,37.66,38.07,272649,NRG
2018-10-03 10:30:00,38.01,38.25,37.9,37.9,357543,NRG
2018-10-03 11:30:00,37.92,37.92,37.6,37.6,384736,NRG
2018-10-03 12:30:00,37.64,37.74,37.48,37.51,287793,NRG
2018-10-03 13:30:00,37.51,37.62,37.37,37.37,387187,NRG
2018-10-03 14:30:00,37.37,37.37,37.19,37.24,559091,NRG
2018-10-03 15:30:00,37.24,37.24,36.97,37.0,865595,NRG
2018-10-03 16:00:00,37.03,37.85,37.0,37.49,0,NRG
2018-10-03 17:00:00,37.0,37.0,37.0,37.0,0,NRG
2018-10-03 18:00:00,37.0,37.0,37.0,37.0,0,NRG
2018-10-04 09:30:00,36.87,37.02,36.55,36.67,790795,NRG
2018-10-04 10:30:00,36.68,36.85,36.67,36.79,306308,NRG
2018-10-04 11:30:00,36.79,36.82,36.5,36.5,389813,NRG
2018-10-04 12:30:00,36.51,36.67,36.46,36.47,245666,NRG
2018-10-04 13:30:00,36.46,36.52,36.35,36.5,286162,NRG
2018-10-04 14:30:00,36.5,36.66,36.45,36.46,501296,NRG
2018-10-04 15:30:00,36.46,36.61,36.4,36.61,633745,NRG
2018-10-04 16:00:00,36.62,36.68,36.62,36.62,0,NRG
2018-10-05 09:30:00,36.79,37.13,36.79,37.11,320306,NRG
2018-10-05 10:30:00,37.08,37.38,36.99,37.38,351484,NRG
2018-10-05 11:30:00,37.4,37.44,37.27,37.4,400882,NRG
2018-10-05 12:30:00,37.4,37.59,37.06,37.07,461175,NRG
2018-10-05 13:30:00,37.08,37.17,37.0,37.1,314258,NRG
2018-10-05 14:30:00,37.1,37.3,37.02,37.2,391361,NRG
2018-10-05 15:30:00,37.22,37.32,37.12,37.19,498270,NRG
2018-10-05 16:00:00,37.2,37.42,37.2,37.22,0,NRG
2018-10-08 09:30:00,37.43,37.73,37.43,37.63,348875,NRG
2018-10-08 10:30:00,37.62,37.74,37.6,37.68,306551,NRG
2018-10-08 11:30:00,37.67,37.67,37.44,37.52,363985,NRG
2018-10-08 12:30:00,37.48,37.49,37.24,37.29,313629,NRG
2018-10-08 13:30:00,37.31,37.45,37.31,37.4,336988,NRG
2018-10-08 14:30:00,37.41,37.49,37.4,37.45,405179,NRG
2018-10-08 15:30:00,37.45,37.46,37.28,37.29,562442,NRG
2018-10-08 16:00:00,37.29,37.45,37.29,37.29,0,NRG
2018-10-09 09:30:00,37.3,37.59,37.21,37.43,264915,NRG
2018-10-09 10:30:00,37.41,37.46,37.3,37.4,287252,NRG
2018-10-09 11:30:00,37.41,37.43,37.14,37.19,359409,NRG
2018-10-09 12:30:00,37.19,37.23,37.08,37.22,312352,NRG
2018-10-09 13:30:00,37.22,37.54,37.21,37.51,226142,NRG
2018-10-09 14:30:00,37.51,37.56,37.38,37.42,277395,NRG
2018-10-09 15:30:00,37.4,37.5,37.4,37.43,384139,NRG
2018-10-09 16:00:00,37.42,37.42,37.37,37.42,0,NRG
2018-10-10 09:30:00,37.21,37.81,37.21,37.52,783788,NRG
2018-10-10 10:30:00,37.19,37.21,36.79,37.0,312070,NRG
2018-10-10 11:30:00,36.99,37.22,36.85,37.13,575594,NRG
2018-10-10 12:30:00,37.16,37.16,36.9,37.0,317243,NRG
2018-10-10 13:30:00,37.01,37.04,36.78,36.8,445486,NRG
2018-10-10 14:30:00,36.82,36.85,36.61,36.79,510926,NRG
2018-10-10 15:30:00,36.79,36.79,36.41,36.42,744157,NRG
2018-10-10 16:00:00,36.44,36.93,36.4,36.4,0,NRG
2018-10-10 17:00:00,36.44,36.44,36.44,36.44,0,NRG
2018-10-10 18:00:00,35.01,35.99,35.01,35.99,0,NRG
2018-10-11 08:00:00,35.53,35.72,35.47,35.47,0,NRG
2018-10-11 09:00:00,36.02,36.02,36.02,36.02,0,NRG
2018-10-11 09:30:00,36.23,36.35,36.07,36.16,556004,NRG
2018-10-11 10:30:00,36.22,36.28,35.77,35.87,545482,NRG
2018-10-11 11:30:00,35.86,36.21,35.73,36.12,663001,NRG
2018-10-11 12:30:00,36.12,36.18,35.98,36.11,336444,NRG
2018-10-11 13:30:00,36.12,36.12,35.85,36.0,459029,NRG
2018-10-11 14:30:00,35.96,36.43,35.68,36.29,1029736,NRG
2018-10-11 15:30:00,36.26,36.27,35.98,35.98,859455,NRG
2018-10-11 16:00:00,35.98,36.97,35.98,36.97,0,NRG
2018-10-11 18:00:00,35.98,35.98,35.98,35.98,0,NRG
2018-10-12 09:30:00,36.47,36.78,36.42,36.53,634232,NRG
2018-10-12 10:30:00,36.52,36.7,36.42,36.51,562538,NRG
2018-10-12 11:30:00,36.51,36.51,36.0,36.04,466410,NRG
2018-10-12 12:30:00,36.07,36.24,35.88,36.11,438558,NRG
2018-10-12 13:30:00,36.1,36.1,35.99,36.1,296769,NRG
2018-10-12 14:30:00,36.08,36.29,36.04,36.28,452038,NRG
2018-10-12 15:30:00,36.26,36.47,36.22,36.36,622100,NRG
2018-10-12 16:00:00,36.37,36.37,36.32,36.34,0,NRG
2018-10-12 18:00:00,36.37,36.37,36.37,36.37,0,NRG
2018-10-15 09:30:00,36.59,36.78,36.43,36.59,402197,NRG
2018-10-15 10:30:00,36.61,36.89,36.54,36.81,416878,NRG
2018-10-15 11:30:00,36.81,36.85,36.49,36.62,194463,NRG
2018-10-15 12:30:00,36.63,36.71,36.58,36.63,182653,NRG
2018-10-15 13:30:00,36.62,36.65,36.5,36.52,258241,NRG
2018-10-15 14:30:00,36.52,36.81,36.52,36.76,539344,NRG
2018-10-15 15:30:00,36.74,36.81,36.6,36.6,613627,NRG
2018-10-15 16:00:00,36.6,36.67,36.6,36.6,0,NRG
2018-10-16 09:30:00,36.89,37.61,36.89,37.6,441829,NRG
2018-10-16 10:30:00,37.58,37.78,37.57,37.71,428325,NRG
2018-10-16 11:30:00,37.69,37.95,37.64,37.94,360950,NRG
2018-10-16 12:30:00,37.94,38.03,37.79,37.88,375268,NRG
2018-10-16 13:30:00,37.87,37.93,37.79,37.82,340494,NRG
2018-10-16 14:30:00,37.82,37.92,37.7,37.71,365853,NRG
2018-10-16 15:30:00,37.7,37.74,37.55,37.68,796326,NRG
2018-10-16 16:00:00,37.67,37.7,37.67,37.67,0,NRG
2018-10-16 17:00:00,37.67,37.67,37.67,37.67,0,NRG
2018-10-17 09:30:00,37.65,37.7,36.9,36.94,323693,NRG
2018-10-17 10:30:00,36.95,37.28,36.92,37.24,308219,NRG
2018-10-17 11:30:00,37.26,37.42,37.22,37.37,322893,NRG
2018-10-17 12:30:00,37.35,37.52,37.27,37.47,380635,NRG
2018-10-17 13:30:00,37.47,37.47,37.22,37.3,419631,NRG
2018-10-17 14:30:00,37.29,37.54,37.29,37.48,330750,NRG
2018-10-17 15:30:00,37.47,37.52,37.4,37.52,517838,NRG
2018-10-17 16:00:00,37.52,37.52,37.35,37.52,0,NRG
2018-10-18 09:30:00,37.4,37.81,37.38,37.4,375704,NRG
2018-10-18 10:30:00,37.41,37.58,36.99,37.07,977346,NRG
2018-10-18 11:30:00,37.05,37.05,36.75,36.94,712169,NRG
2018-10-18 12:30:00,36.92,37.02,36.68,36.72,495063,NRG
2018-10-18 13:30:00,36.73,36.97,36.58,36.9,539752,NRG
2018-10-18 14:30:00,36.91,37.06,36.88,37.0,679741,NRG
2018-10-18 15:30:00,36.99,37.06,36.79,36.86,1140408,NRG
2018-10-18 16:00:00,36.86,37.03,36.55,36.86,0,NRG
2018-10-18 17:00:00,36.86,36.86,36.86,36.86,0,NRG
2018-10-19 09:00:00,36.5,36.5,36.5,36.5,0,NRG
2018-10-19 09:30:00,37.0,37.26,36.98,37.19,367582,NRG
2018-10-19 10:30:00,37.21,37.42,37.21,37.28,278864,NRG
2018-10-19 11:30:00,37.25,37.32,37.06,37.13,271713,NRG
2018-10-19 12:30:00,37.11,37.15,36.88,37.06,294346,NRG
2018-10-19 13:30:00,37.06,37.1,36.83,36.93,312949,NRG
2018-10-19 14:30:00,36.93,37.0,36.8,36.97,364604,NRG
2018-10-19 15:30:00,36.97,36.97,36.81,36.82,697529,NRG
2018-10-19 16:00:00,36.82,37.01,36.5,36.82,0,NRG
2018-10-19 17:00:00,36.82,36.82,36.82,36.82,0,NRG
2018-10-22 09:30:00,37.02,37.02,36.31,36.33,275304,NRG
2018-10-22 10:30:00,36.33,36.92,36.32,36.81,317593,NRG
2018-10-22 11:30:00,36.83,36.83,36.54,36.66,237779,NRG
2018-10-22 12:30:00,36.67,36.94,36.66,36.85,225170,NRG
2018-10-22 13:30:00,36.86,36.98,36.86,36.88,201420,NRG
2018-10-22 14:30:00,36.87,37.09,36.85,37.05,260452,NRG
2018-10-22 15:30:00,37.06,37.17,36.99,36.99,354790,NRG
2018-10-22 16:00:00,36.99,36.99,36.84,36.99,0,NRG
2018-10-23 08:00:00,36.73,36.99,36.73,36.99,0,NRG
2018-10-23 09:30:00,36.57,36.64,35.98,36.06,507859,NRG
2018-10-23 10:30:00,36.12,36.15,35.79,35.94,531874,NRG
2018-10-23 11:30:00,35.95,36.05,35.82,36.0,411974,NRG
2018-10-23 12:30:00,36.0,36.13,35.87,36.0,428425,NRG
2018-10-23 13:30:00,36.0,36.3,35.93,36.26,462514,NRG
2018-10-23 14:30:00,36.27,36.35,36.2,36.25,357623,NRG
2018-10-23 15:30:00,36.25,36.36,36.11,36.17,628856,NRG
2018-10-23 16:00:00,36.18,36.18,36.11,36.18,0,NRG
2018-10-24 09:30:00,36.32,36.7,36.32,36.62,414732,NRG
2018-10-24 10:30:00,36.62,36.71,36.22,36.25,450190,NRG
2018-10-24 11:30:00,36.25,36.48,36.2,36.35,280792,NRG
2018-10-24 12:30:00,36.35,36.35,36.0,36.02,266030,NRG
2018-10-24 13:30:00,36.02,36.17,35.95,36.15,383468,NRG
2018-10-24 14:30:00,36.17,36.31,36.02,36.06,343242,NRG
2018-10-24 15:30:00,36.06,36.1,35.84,35.85,978740,NRG
2018-10-24 16:00:00,35.83,36.15,35.83,36.13,0,NRG
2018-10-24 17:00:00,35.83,35.83,35.83,35.83,0,NRG
2018-10-25 09:30:00,35.9,36.03,35.8,36.03,410153,NRG
2018-10-25 10:30:00,36.04,36.1,35.8,36.03,405355,NRG
2018-10-25 11:30:00,36.04,36.12,35.9,35.95,321374,NRG
2018-10-25 12:30:00,35.94,35.98,35.77,35.88,231162,NRG
2018-10-25 13:30:00,35.86,36.0,35.83,35.99,340359,NRG
2018-10-25 14:30:00,35.99,36.06,35.94,35.97,462106,NRG
2018-10-25 15:30:00,35.98,36.0,35.81,35.89,576100,NRG
2018-10-25 16:00:00,35.88,35.94,35.88,35.88,0,NRG
2018-10-25 17:00:00,35.88,35.88,35.88,35.88,0,NRG
2018-10-26 09:00:00,35.86,35.86,35.86,35.86,0,NRG
2018-10-26 09:30:00,35.61,35.73,35.21,35.44,614913,NRG
2018-10-26 10:30:00,35.42,35.42,35.11,35.38,532870,NRG
2018-10-26 11:30:00,35.41,35.74,35.4,35.72,1750765,NRG
2018-10-26 12:30:00,35.74,36.09,35.72,35.88,318984,NRG
2018-10-26 13:30:00,35.84,35.96,35.69,35.83,319361,NRG
2018-10-26 14:30:00,35.83,35.86,35.44,35.6,509212,NRG
2018-10-26 15:30:00,35.58,35.72,35.48,35.57,889787,NRG
2018-10-26 16:00:00,35.56,35.56,35.56,35.56,0,NRG
2018-10-29 09:30:00,35.9,36.21,35.9,36.15,380120,NRG
2018-10-29 10:30:00,36.13,36.15,35.82,35.9,347276,NRG
2018-10-29 11:30:00,35.92,36.01,35.65,35.68,348995,NRG
2018-10-29 12:30:00,35.65,35.73,35.58,35.63,270398,NRG
2018-10-29 13:30:00,35.64,35.8,35.56,35.63,335348,NRG
2018-10-29 14:30:00,35.63,35.77,35.23,35.35,707530,NRG
2018-10-29 15:30:00,35.33,35.47,35.15,35.43,1592914,NRG
2018-10-29 16:00:00,35.41,35.58,35.41,35.41,0,NRG
2018-10-29 17:00:00,35.41,35.41,35.41,35.41,0,NRG
2018-10-30 09:30:00,35.39,35.91,35.39,35.65,292138,NRG
2018-10-30 10:30:00,35.66,35.79,35.57,35.79,299910,NRG
2018-10-30 11:30:00,35.77,35.9,35.58,35.62,374439,NRG
2018-10-30 12:30:00,35.59,35.7,35.47,35.48,276538,NRG
2018-10-30 13:30:00,35.47,35.58,35.37,35.46,337108,NRG
2018-10-30 14:30:00,35.46,35.61,35.38,35.56,821175,NRG
2018-10-30 15:30:00,35.58,35.73,35.53,35.73,674300,NRG
2018-10-30 16:00:00,35.73,35.73,35.6,35.73,0,NRG
2018-10-30 17:00:00,35.41,35.41,35.41,35.41,0,NRG
2018-10-31 08:00:00,36.29,36.29,36.29,36.29,0,NRG
2018-10-31 09:30:00,35.98,36.7,35.98,36.64,375260,NRG
2018-10-31 10:30:00,36.64,36.7,36.45,36.64,430406,NRG
2018-10-31 11:30:00,36.64,36.7,36.38,36.51,369617,NRG
2018-10-31 12:30:00,36.49,36.67,36.42,36.62,367558,NRG
2018-10-31 13:30:00,36.6,36.61,36.48,36.56,557698,NRG
2018-10-31 14:30:00,36.55,36.81,36.49,36.55,549283,NRG
2018-10-31 15:30:00,36.56,36.59,36.14,36.17,1030429,NRG
2018-10-31 16:00:00,36.19,36.42,36.19,36.19,0,NRG
2018-10-31 17:00:00,36.19,36.19,36.19,36.19,0,NRG
2018-10-31 18:00:00,36.19,36.19,36.19,36.19,0,NRG
2018-11-01 09:00:00,36.19,36.19,36.19,36.19,0,NRG
2018-11-01 09:30:00,36.52,36.63,36.27,36.47,694616,NRG
2018-11-01 10:30:00,36.49,37.02,36.48,36.9,466450,NRG
2018-11-01 11:30:00,36.92,36.92,36.67,36.71,335537,NRG
2018-11-01 12:30:00,36.74,36.96,36.71,36.96,348636,NRG
2018-11-01 13:30:00,36.97,36.99,36.75,36.8,383166,NRG
2018-11-01 14:30:00,36.79,36.88,36.64,36.78,466122,NRG
2018-11-01 15:30:00,36.78,37.07,36.76,37.07,697183,NRG
2018-11-01 16:00:00,37.07,37.07,36.75,37.07,0,NRG
2018-11-01 17:00:00,37.07,37.07,37.07,37.07,0,NRG
2018-11-01 18:00:00,37.07,37.07,37.07,37.07,0,NRG
2018-11-02 09:30:00,37.1,37.54,37.03,37.51,583868,NRG
2018-11-02 10:30:00,37.5,37.7,37.28,37.35,574700,NRG
2018-11-02 11:30:00,37.33,37.46,37.27,37.42,281009,NRG
2018-11-02 12:30:00,37.44,37.44,37.26,37.35,332264,NRG
2018-11-02 13:30:00,37.35,37.42,37.04,37.37,327234,NRG
2018-11-02 14:30:00,37.36,37.36,37.06,37.09,494131,NRG
2018-11-02 15:30:00,37.07,37.42,37.02,37.42,795719,NRG
2018-11-02 16:00:00,37.42,37.42,37.33,37.42,0,NRG
2018-11-02 17:00:00,37.42,37.42,37.42,37.42,0,NRG
2018-11-05 09:30:00,37.86,38.3,37.82,37.99,760112,NRG
2018-11-05 10:30:00,37.99,38.15,37.97,38.08,499404,NRG
2018-11-05 11:30:00,38.06,38.1,37.94,37.99,441624,NRG
2018-11-05 12:30:00,37.98,38.08,37.91,37.98,317209,NRG
2018-11-05 13:30:00,37.99,38.21,37.97,38.2,517398,NRG
2018-11-05 14:30:00,38.19,38.37,38.12,38.26,462147,NRG
2018-11-05 15:30:00,38.25,38.31,38.21,38.31,714603,NRG
2018-11-05 16:00:00,38.3,38.31,38.11,38.3,0,NRG
2018-11-06 09:30:00,38.35,38.57,38.23,38.24,327010,NRG
2018-11-06 10:30:00,38.24,38.27,37.98,38.15,526046,NRG
2018-11-06 11:30:00,38.12,38.22,38.04,38.15,251433,NRG
2018-11-06 12:30:00,38.16,38.26,38.1,38.12,378654,NRG
2018-11-06 13:30:00,38.12,38.19,37.94,37.94,385615,NRG
2018-11-06 14:30:00,37.93,38.12,37.89,38.01,379788,NRG
2018-11-06 15:30:00,38.0,38.08,37.95,37.95,810145,NRG
2018-11-06 16:00:00,37.95,38.07,37.94,37.95,0,NRG
2018-11-07 09:30:00,38.2,38.53,38.2,38.27,706417,NRG
2018-11-07 10:30:00,38.26,38.47,38.26,38.46,424363,NRG
2018-11-07 11:30:00,38.46,38.62,38.38,38.4,466519,NRG
2018-11-07 12:30:00,38.4,38.6,38.34,38.43,543137,NRG
2018-11-07 13:30:00,38.41,38.42,38.24,38.3,527451,NRG
2018-11-07 14:30:00,38.34,38.43,38.24,38.41,697633,NRG
2018-11-07 15:30:00,38.4,38.44,38.23,38.4,1378514,NRG
2018-11-07 16:00:00,38.4,38.4,38.37,38.4,0,NRG
2018-11-07 17:00:00,38.4,38.4,38.4,38.4,0,NRG
2018-11-07 18:00:00,38.75,38.75,38.75,38.75,0,NRG
2018-11-08 08:00:00,38.2,38.2,38.2,38.2,0,NRG
2018-11-08 09:30:00,38.04,38.93,36.95,37.07,1914217,NRG
2018-11-08 10:30:00,36.97,37.69,36.97,37.21,991765,NRG
2018-11-08 11:30:00,37.26,37.41,36.08,36.53,965679,NRG
2018-11-08 12:30:00,36.53,36.61,36.37,36.48,790425,NRG
2018-11-08 13:30:00,36.47,37.25,36.47,36.79,809408,NRG
2018-11-08 14:30:00,36.8,37.1,36.68,36.98,873831,NRG
2018-11-08 15:30:00,36.98,37.04,36.88,36.99,1158926,NRG
2018-11-08 16:00:00,36.99,37.19,36.99,36.99,0,NRG
2018-11-08 17:00:00,36.99,37.02,36.99,37.02,0,NRG
2018-11-09 09:30:00,36.82,38.64,36.82,38.54,1941677,NRG
2018-11-09 10:30:00,38.53,38.61,38.14,38.55,1527658,NRG
2018-11-09 11:30:00,38.57,38.9,38.49,38.62,994494,NRG
2018-11-09 12:30:00,38.61,38.65,38.21,38.38,648340,NRG
2018-11-09 13:30:00,38.37,38.4,37.97,38.01,650121,NRG
2018-11-09 14:30:00,38.01,38.21,37.99,38.03,816565,NRG
2018-11-09 15:30:00,38.03,38.33,38.01,38.28,1010103,NRG
2018-11-12 09:30:00,38.45,39.83,38.45,39.42,0,NRG
2018-11-12 10:30:00,39.45,39.81,39.31,39.5,1508829,NRG
2018-11-12 11:30:00,39.51,39.94,39.45,39.81,1364430,NRG
2018-11-12 12:30:00,39.81,40.22,39.76,39.96,1137539,NRG
2018-11-12 13:30:00,39.95,40.37,39.87,40.05,1030253,NRG
2018-11-12 14:30:00,40.07,40.33,39.93,40.13,1103412,NRG
2018-11-12 15:30:00,40.13,40.15,39.69,39.79,1297197,NRG
2018-11-12 16:00:00,39.8,39.8,39.8,39.8,414840,NRG
2018-11-13 09:30:00,39.99,40.06,39.47,39.71,0,NRG
2018-11-13 10:30:00,39.7,39.72,39.44,39.59,1166980,NRG
2018-11-13 11:30:00,39.56,39.61,39.15,39.38,882772,NRG
2018-11-13 12:30:00,39.35,39.58,39.3,39.55,474546,NRG
2018-11-13 13:30:00,39.53,39.62,39.31,39.36,462060,NRG
2018-11-13 14:30:00,39.35,39.49,39.17,39.26,683629,NRG
2018-11-13 15:30:00,39.25,39.41,39.19,39.4,981726,NRG
2018-11-13 16:00:00,39.4,39.4,39.4,39.4,0,NRG
2018-11-14 09:30:00,39.54,39.92,39.28,39.33,840483,NRG
2018-11-14 10:30:00,39.32,39.5,39.25,39.42,784531,NRG
2018-11-14 11:30:00,39.38,39.4,39.06,39.17,796243,NRG
2018-11-14 12:30:00,39.19,39.19,38.75,38.99,1066684,NRG
2018-11-14 13:30:00,38.99,39.04,38.85,39.01,563665,NRG
2018-11-14 14:30:00,38.98,39.32,38.98,39.18,723132,NRG
2018-11-14 15:30:00,39.17,39.29,39.03,39.04,989274,NRG
2018-11-14 16:00:00,39.04,39.04,39.04,39.04,0,NRG
2018-11-15 09:30:00,38.73,39.16,38.73,38.86,539363,NRG
2018-11-15 10:30:00,38.85,39.06,38.72,38.98,665530,NRG
2018-11-15 11:30:00,38.97,39.49,38.97,39.34,506757,NRG
2018-11-15 12:30:00,39.36,39.36,39.0,39.15,615498,NRG
2018-11-15 13:30:00,39.19,39.25,39.03,39.17,447027,NRG
2018-11-15 14:30:00,39.15,39.25,38.99,39.06,696455,NRG
2018-11-15 15:30:00,39.06,39.2,39.02,39.2,820664,NRG
2018-11-15 16:00:00,39.2,39.2,39.2,39.2,0,NRG
2018-11-16 09:30:00,39.68,39.68,39.0,39.1,465968,NRG
2018-11-16 10:30:00,39.12,39.21,39.01,39.01,399981,NRG
2018-11-16 11:30:00,39.02,39.12,38.89,38.89,511127,NRG
2018-11-16 12:30:00,38.88,39.08,38.87,39.0,400206,NRG
2018-11-16 13:30:00,39.01,39.07,38.9,39.06,415552,NRG
2018-11-16 14:30:00,39.1,39.29,39.06,39.25,380489,NRG
2018-11-16 15:30:00,39.28,39.37,39.24,39.31,565299,NRG
2018-11-19 09:30:00,39.28,39.28,38.99,39.03,0,NRG
2018-11-19 10:30:00,39.02,39.13,38.9,39.03,531316,NRG
2018-11-19 11:30:00,39.03,39.36,39.0,39.28,583985,NRG
2018-11-19 12:30:00,39.25,39.34,39.1,39.31,453843,NRG
2018-11-19 13:30:00,39.3,39.33,39.01,39.12,479204,NRG
2018-11-19 14:30:00,39.09,39.22,39.05,39.11,586630,NRG
2018-11-19 15:30:00,39.12,39.16,38.97,39.08,603110,NRG
2018-11-19 16:00:00,39.08,39.08,39.08,39.08,0,NRG
2018-11-20 09:30:00,38.81,38.82,37.51,37.71,957388,NRG
2018-11-20 10:30:00,37.71,37.92,37.34,37.51,1298853,NRG
2018-11-20 11:30:00,37.52,38.2,37.48,38.15,722864,NRG
2018-11-20 12:30:00,38.19,38.26,37.92,38.04,404515,NRG
2018-11-20 13:30:00,38.03,38.36,38.01,38.06,502630,NRG
2018-11-20 14:30:00,38.08,38.18,37.91,38.03,649919,NRG
2018-11-20 15:30:00,38.03,38.1,37.87,37.9,790900,NRG
2018-11-20 16:00:00,37.89,37.89,37.89,37.89,1108881,NRG
2018-11-21 09:30:00,38.07,38.34,37.99,38.11,0,NRG
2018-11-21 10:30:00,38.1,38.54,37.97,38.49,712072,NRG
2018-11-21 11:30:00,38.49,38.7,38.43,38.66,569225,NRG
2018-11-21 12:30:00,38.67,38.7,38.44,38.48,324972,NRG
2018-11-21 13:30:00,38.49,38.55,38.2,38.21,450707,NRG
2018-11-21 14:30:00,38.21,38.32,38.14,38.29,491499,NRG
2018-11-21 15:30:00,38.29,38.29,38.17,38.17,526054,NRG
2018-11-21 16:00:00,38.17,38.17,38.17,38.17,5519,NRG
2018-11-23 09:30:00,37.94,38.05,37.82,38.03,0,NRG
2018-11-23 10:30:00,38.04,38.43,38.04,38.38,656352,NRG
2018-11-23 11:30:00,38.4,38.65,38.4,38.62,470966,NRG
2018-11-23 12:30:00,38.62,38.75,38.39,38.39,489700,NRG
2018-11-26 09:30:00,38.6,39.12,38.6,38.83,0,NRG
2018-11-26 10:30:00,38.84,38.92,38.57,38.84,449287,NRG
2018-11-26 11:30:00,38.85,38.87,38.71,38.74,339022,NRG
2018-11-26 12:30:00,38.74,38.78,38.67,38.74,372663,NRG
2018-11-26 13:30:00,38.74,39.0,38.74,38.97,369396,NRG
2018-11-26 14:30:00,38.97,39.13,38.92,39.08,412556,NRG
2018-11-26 15:30:00,39.08,39.13,39.0,39.06,660876,NRG
2018-11-26 16:00:00,39.06,39.06,39.06,39.06,0,NRG
2018-11-27 09:30:00,39.06,39.12,38.72,38.88,410060,NRG
2018-11-27 10:30:00,38.88,38.88,38.66,38.71,397951,NRG
2018-11-27 11:30:00,38.72,38.84,38.63,38.64,370381,NRG
2018-11-27 12:30:00,38.64,38.68,38.56,38.62,276827,NRG
2018-11-27 13:30:00,38.63,38.75,38.63,38.71,366421,NRG
2018-11-27 14:30:00,38.7,38.71,38.45,38.45,416189,NRG
2018-11-27 15:30:00,38.46,38.5,38.39,38.44,699690,NRG
2018-11-27 16:00:00,38.46,38.46,38.46,38.46,400799,NRG
2018-11-28 09:30:00,38.91,39.04,38.53,38.54,0,NRG
2018-11-28 10:30:00,38.52,38.81,38.5,38.77,298726,NRG
2018-11-28 11:30:00,38.76,39.18,38.76,39.16,427166,NRG
2018-11-28 12:30:00,39.15,39.2,39.03,39.11,1020674,NRG
2018-11-28 13:30:00,39.13,39.37,39.13,39.25,364296,NRG
2018-11-28 14:30:00,39.24,39.37,39.17,39.26,331957,NRG
2018-11-28 15:30:00,39.26,39.44,39.24,39.38,664333,NRG
2018-11-28 16:00:00,39.37,39.37,39.37,39.37,0,NRG
2018-11-29 09:30:00,39.49,39.55,38.76,38.83,356709,NRG
2018-11-29 10:30:00,38.84,38.93,38.56,38.8,568902,NRG
2018-11-29 11:30:00,38.81,38.84,38.56,38.73,420006,NRG
2018-11-29 12:30:00,38.73,38.74,38.52,38.65,391572,NRG
2018-11-29 13:30:00,38.65,38.83,38.64,38.81,336592,NRG
2018-11-29 14:30:00,38.79,38.92,38.75,38.92,559318,NRG
2018-11-29 15:30:00,38.9,38.99,38.73,38.78,647276,NRG
2018-11-29 16:00:00,38.79,38.79,38.79,38.79,0,NRG
2018-11-30 09:30:00,38.91,39.29,38.65,38.76,576211,NRG
2018-11-30 10:30:00,38.76,38.88,38.69,38.74,681307,NRG
2018-11-30 11:30:00,38.72,39.01,38.69,38.92,435967,NRG
2018-11-30 12:30:00,38.92,38.93,38.76,38.81,401242,NRG
2018-11-30 13:30:00,38.81,38.93,38.78,38.81,478937,NRG
2018-11-30 14:30:00,38.81,38.89,38.75,38.76,836553,NRG
2018-11-30 15:30:00,38.76,38.85,38.44,38.45,2563900,NRG
2018-12-03 09:30:00,38.81,39.13,38.72,38.83,0,NRG
2018-12-03 10:30:00,38.86,39.12,38.79,38.96,756397,NRG
2018-12-03 11:30:00,38.96,39.7,38.95,39.63,643390,NRG
2018-12-03 12:30:00,39.62,39.85,39.47,39.85,599127,NRG
2018-12-03 13:30:00,39.85,39.87,39.51,39.79,640700,NRG
2018-12-03 14:30:00,39.8,40.0,39.75,39.94,636133,NRG
2018-12-03 15:30:00,39.95,40.01,39.71,39.82,1306829,NRG
2018-12-03 16:00:00,39.82,39.82,39.82,39.82,0,NRG
2018-12-03 17:00:00,39.82,39.82,39.82,39.82,0,NRG
2018-12-04 09:30:00,39.95,40.25,39.89,40.2,603331,NRG
2018-12-04 10:30:00,40.19,40.31,40.05,40.13,629649,NRG
2018-12-04 11:30:00,40.15,40.22,39.44,39.45,543312,NRG
2018-12-04 12:30:00,39.41,39.54,39.31,39.46,683403,NRG
2018-12-04 13:30:00,39.47,39.61,39.28,39.43,515085,NRG
2018-12-04 14:30:00,39.43,39.77,39.43,39.62,770761,NRG
2018-12-04 15:30:00,39.63,39.83,39.54,39.83,1315937,NRG
2018-12-04 16:00:00,39.83,39.83,39.75,39.83,0,NRG
2018-12-04 17:00:00,39.83,39.83,39.83,39.83,0,NRG
2018-12-06 09:00:00,39.83,39.83,39.83,39.83,0,NRG
2018-12-06 09:30:00,39.52,39.53,39.13,39.27,834872,NRG
2018-12-06 10:30:00,39.28,39.56,39.14,39.33,597109,NRG
2018-12-06 11:30:00,39.29,39.89,39.19,39.89,446722,NRG
2018-12-06 12:30:00,39.88,40.28,39.8,40.06,432208,NRG
2018-12-06 13:30:00,40.01,40.42,39.95,40.1,768681,NRG
2018-12-06 14:30:00,40.1,40.25,39.89,40.25,801465,NRG
2018-12-06 15:30:00,40.26,40.54,40.17,40.54,860608,NRG
2018-12-06 16:00:00,40.56,40.56,39.96,40.56,0,NRG
2018-12-06 17:00:00,40.56,40.56,40.47,40.47,0,NRG
2018-12-07 09:30:00,40.76,40.92,40.4,40.71,362310,NRG
2018-12-07 10:30:00,40.68,40.98,40.68,40.82,276205,NRG
2018-12-07 11:30:00,40.8,41.28,40.8,40.85,450365,NRG
2018-12-07 12:30:00,40.85,40.95,40.68,40.86,396105,NRG
2018-12-07 13:30:00,40.86,40.86,40.5,40.65,302436,NRG
2018-12-07 14:30:00,40.66,40.66,40.46,40.63,564485,NRG
2018-12-07 15:30:00,40.65,40.75,40.46,40.53,818544,NRG
2018-12-07 16:00:00,40.53,40.68,40.53,40.53,0,NRG
2018-12-07 17:00:00,40.53,40.53,40.45,40.45,0,NRG
2018-12-10 09:30:00,40.49,40.87,40.35,40.87,483944,NRG
2018-12-10 10:30:00,40.86,40.86,40.04,40.26,393812,NRG
2018-12-10 11:30:00,40.3,40.49,40.15,40.22,363943,NRG
2018-12-10 12:30:00,40.24,40.57,40.23,40.38,374056,NRG
2018-12-10 13:30:00,40.37,40.64,40.37,40.63,274914,NRG
2018-12-10 14:30:00,40.63,40.74,40.54,40.61,323862,NRG
2018-12-10 15:30:00,40.64,40.79,40.58,40.58,421877,NRG
2018-12-10 16:00:00,40.59,40.69,40.2,40.69,0,NRG
2018-12-11 09:30:00,40.92,41.53,40.6,41.45,1074606,NRG
2018-12-11 10:30:00,41.46,41.98,41.35,41.94,946826,NRG
2018-12-11 11:30:00,41.93,42.12,41.63,41.65,1255779,NRG
2018-12-11 12:30:00,41.64,41.99,41.59,41.92,507979,NRG
2018-12-11 13:30:00,41.91,41.91,41.49,41.76,699460,NRG
2018-12-11 14:30:00,41.77,42.04,41.72,41.9,665534,NRG
2018-12-11 15:30:00,41.9,41.95,41.63,41.68,1193124,NRG
2018-12-11 16:00:00,41.67,41.68,41.66,41.66,0,NRG
2018-12-11 17:00:00,41.67,41.67,41.67,41.67,0,NRG
2018-12-11 18:00:00,41.67,41.67,41.67,41.67,0,NRG
2018-12-12 09:30:00,42.12,42.55,42.04,42.28,828419,NRG
2018-12-12 10:30:00,42.23,42.47,42.19,42.26,596680,NRG
2018-12-12 11:30:00,42.29,42.42,42.2,42.34,533216,NRG
2018-12-12 12:30:00,42.34,42.44,42.19,42.37,384245,NRG
2018-12-12 13:30:00,42.36,42.58,42.28,42.32,652763,NRG
2018-12-12 14:30:00,42.32,42.37,42.24,42.31,1070782,NRG
2018-12-12 15:30:00,42.33,42.6,42.19,42.2,863211,NRG
2018-12-12 16:00:00,42.21,42.31,42.21,42.31,0,NRG
2018-12-12 17:00:00,42.21,42.21,42.21,42.21,0,NRG
2018-12-13 09:30:00,42.36,43.06,42.29,42.63,854979,NRG
2018-12-13 10:30:00,42.62,42.72,42.42,42.7,851162,NRG
2018-12-13 11:30:00,42.64,43.07,42.64,42.89,771554,NRG
2018-12-13 12:30:00,42.9,43.06,42.61,42.69,917707,NRG
2018-12-13 13:30:00,42.69,42.81,42.61,42.72,508397,NRG
2018-12-13 14:30:00,42.72,42.79,42.56,42.67,572657,NRG
2018-12-13 15:30:00,42.66,42.85,42.58,42.68,802628,NRG
2018-12-13 16:00:00,42.67,42.75,42.65,42.74,0,NRG
2018-12-13 18:00:00,42.68,42.68,42.68,42.68,0,NRG
2018-12-14 09:30:00,42.48,42.9,42.36,42.87,721672,NRG
2018-12-14 10:30:00,42.82,42.97,42.58,42.6,783614,NRG
2018-12-14 11:30:00,42.63,42.74,42.41,42.61,570831,NRG
2018-12-14 12:30:00,42.61,42.66,42.39,42.4,461838,NRG
2018-12-14 13:30:00,42.4,42.51,42.2,42.44,531625,NRG
2018-12-14 14:30:00,42.44,42.44,42.2,42.29,697739,NRG
2018-12-14 15:30:00,42.29,42.35,42.21,42.32,714060,NRG
2018-12-14 16:00:00,42.32,42.5,42.32,42.5,0,NRG
2018-12-17 08:00:00,42.48,42.48,42.48,42.48,0,NRG
2018-12-17 09:30:00,42.47,42.47,41.85,42.16,641204,NRG
2018-12-17 10:30:00,42.17,42.6,42.09,42.44,509507,NRG
2018-12-17 11:30:00,42.47,42.77,42.41,42.42,518116,NRG
2018-12-17 12:30:00,42.42,42.42,42.0,42.13,497408,NRG
2018-12-17 13:30:00,42.12,42.13,41.45,41.5,771697,NRG
2018-12-17 14:30:00,41.51,41.53,41.03,41.07,1230968,NRG
2018-12-17 15:30:00,41.06,41.14,40.9,41.05,1011537,NRG
2018-12-17 16:00:00,41.02,41.62,41.02,41.02,0,NRG
2018-12-17 17:00:00,41.02,41.02,41.02,41.02,0,NRG
2018-12-18 09:30:00,41.15,42.27,41.15,42.19,823815,NRG
2018-12-18 10:30:00,42.21,42.21,41.42,41.5,711842,NRG
2018-12-18 11:30:00,41.52,41.6,41.31,41.37,632936,NRG
2018-12-18 12:30:00,41.36,41.41,41.24,41.33,496430,NRG
2018-12-18 13:30:00,41.33,41.33,40.96,41.13,658683,NRG
2018-12-18 14:30:00,41.12,41.13,40.66,40.74,961037,NRG
2018-12-18 15:30:00,40.75,41.09,40.75,40.9,979644,NRG
2018-12-18 16:00:00,40.89,41.26,40.89,40.89,0,NRG
2018-12-18 17:00:00,40.89,40.89,40.89,40.89,0,NRG
2018-12-18 18:00:00,40.89,40.89,40.89,40.89,0,NRG
2018-12-19 09:30:00,40.7,40.92,40.19,40.46,1059701,NRG
2018-12-19 10:30:00,40.47,40.77,40.39,40.58,824651,NRG
2018-12-19 11:30:00,40.59,40.62,40.21,40.52,683992,NRG
2018-12-19 12:30:00,40.51,40.63,40.28,40.33,509313,NRG
2018-12-19 13:30:00,40.36,40.89,40.15,40.65,783666,NRG
2018-12-19 14:30:00,40.67,40.79,39.77,40.11,1052540,NRG
2018-12-19 15:30:00,40.12,40.29,39.96,40.09,1032532,NRG
2018-12-19 16:00:00,40.08,40.35,40.08,40.08,0,NRG
2018-12-19 17:00:00,40.08,40.08,40.08,40.08,0,NRG
2018-12-19 18:00:00,40.1,40.18,40.1,40.18,0,NRG
2018-12-20 08:00:00,39.63,40.1,39.63,40.1,0,NRG
2018-12-20 09:30:00,40.0,40.0,39.1,39.35,1085760,NRG
2018-12-20 10:30:00,39.31,39.52,38.88,38.91,1135129,NRG
2018-12-20 11:30:00,38.97,39.04,38.46,38.9,1158723,NRG
2018-12-20 12:30:00,38.9,38.94,38.62,38.78,868270,NRG
2018-12-20 13:30:00,38.77,38.79,37.43,38.07,1430652,NRG
2018-12-20 14:30:00,38.06,38.57,37.94,38.44,1533782,NRG
2018-12-20 15:30:00,38.44,38.58,38.14,38.23,1565788,NRG
2018-12-20 16:00:00,38.22,38.56,38.22,38.22,0,NRG
2018-12-20 17:00:00,38.22,38.22,38.22,38.22,0,NRG
2018-12-21 08:00:00,36.32,36.32,36.32,36.32,0,NRG
2018-12-21 09:30:00,37.87,38.54,37.65,38.48,1377494,NRG
2018-12-21 10:30:00,38.47,38.61,37.99,38.1,643454,NRG
2018-12-21 11:30:00,38.09,38.09,37.68,37.7,617002,NRG
2018-12-21 12:30:00,37.69,37.91,37.49,37.65,620356,NRG
2018-12-21 13:30:00,37.67,37.85,37.39,37.58,931268,NRG
2018-12-21 14:30:00,37.6,37.61,36.97,37.01,1121829,NRG
2018-12-21 15:30:00,37.02,37.33,36.82,37.19,1816334,NRG
2018-12-21 16:00:00,37.21,37.21,37.21,37.21,0,NRG
2018-12-21 17:00:00,37.21,37.21,37.21,37.21,0,NRG
2018-12-21 18:00:00,37.21,37.21,37.21,37.21,0,NRG
2018-12-24 09:30:00,37.1,37.1,36.19,36.89,728961,NRG
2018-12-24 10:30:00,36.93,37.05,36.54,36.58,477111,NRG
2018-12-24 11:30:00,36.6,36.74,36.43,36.5,556552,NRG
2018-12-24 12:30:00,36.51,36.59,36.22,36.26,437170,NRG
2018-12-26 09:30:00,36.3,36.7,35.98,36.26,0,NRG
2018-12-26 10:30:00,36.25,36.58,36.25,36.47,539603,NRG
2018-12-26 11:30:00,36.45,37.17,36.43,37.06,558467,NRG
2018-12-26 12:30:00,37.02,37.22,36.92,37.03,353288,NRG
2018-12-26 13:30:00,37.04,37.35,37.04,37.25,356839,NRG
2018-12-26 14:30:00,37.26,37.62,37.26,37.61,654429,NRG
2018-12-26 15:30:00,37.6,38.11,37.58,38.09,921015,NRG
2018-12-26 16:00:00,38.1,38.11,38.1,38.1,0,NRG
2018-12-26 17:00:00,38.1,38.1,38.1,38.1,0,NRG
2018-12-26 18:00:00,38.1,38.1,38.1,38.1,0,NRG
2018-12-27 09:30:00,37.99,37.99,37.2,37.42,474370,NRG
2018-12-27 10:30:00,37.4,38.01,37.36,37.94,408059,NRG
2018-12-27 11:30:00,38.01,38.07,37.71,37.74,319797,NRG
2018-12-27 12:30:00,37.73,37.93,37.65,37.67,241234,NRG
2018-12-27 13:30:00,37.65,37.73,37.3,37.47,240589,NRG
2018-12-27 14:30:00,37.46,38.28,37.42,38.27,572385,NRG
2018-12-27 15:30:00,38.26,38.62,38.15,38.62,778661,NRG
2018-12-27 16:00:00,38.6,38.62,37.96,37.96,0,NRG
2018-12-27 17:00:00,37.63,38.62,37.63,38.62,0,NRG
2018-12-27 18:00:00,38.62,38.62,38.62,38.62,0,NRG
2018-12-28 09:30:00,38.87,38.96,38.5,38.67,463726,NRG
2018-12-28 10:30:00,38.67,38.8,38.35,38.49,414689,NRG
2018-12-28 11:30:00,38.47,38.71,38.38,38.59,264577,NRG
2018-12-28 12:30:00,38.62,38.69,38.43,38.45,232174,NRG
2018-12-28 13:30:00,38.44,38.89,38.29,38.74,321220,NRG
2018-12-28 14:30:00,38.76,39.05,38.47,38.54,471112,NRG
2018-12-28 15:30:00,38.5,38.67,38.42,38.6,571070,NRG
2018-12-28 16:00:00,38.62,38.62,38.62,38.62,0,NRG
2018-12-28 18:00:00,38.62,38.62,38.62,38.62,0,NRG
2018-12-31 07:00:00,38.62,38.62,38.62,38.62,0,NRG
2018-12-31 09:30:00,39.11,39.69,38.87,39.54,410845,NRG
2018-12-31 10:30:00,39.54,39.59,39.21,39.3,292113,NRG
2018-12-31 11:30:00,39.28,39.58,39.09,39.54,393242,NRG
2018-12-31 12:30:00,39.57,39.66,39.5,39.66,218823,NRG
2018-12-31 13:30:00,39.66,39.66,39.33,39.33,165170,NRG
2018-12-31 14:30:00,39.37,39.54,39.32,39.44,282384,NRG
2018-12-31 15:30:00,39.43,39.66,39.35,39.6,545734,NRG
2018-12-31 16:00:00,39.6,39.6,39.45,39.6,0,NRG
2019-01-02 09:00:00,39.6,39.6,39.6,39.6,0,NRG
2019-01-02 09:30:00,38.98,39.09,38.54,38.76,634471,NRG
2019-01-02 10:30:00,38.78,39.2,38.69,38.97,585376,NRG
2019-01-02 11:30:00,38.96,38.96,38.32,38.32,396817,NRG
2019-01-02 12:30:00,38.32,38.72,38.24,38.63,371032,NRG
2019-01-02 13:30:00,38.65,38.67,37.9,38.16,720517,NRG
2019-01-02 14:30:00,38.18,38.48,38.03,38.05,763753,NRG
2019-01-02 15:30:00,38.04,38.15,37.92,38.11,713381,NRG
2019-01-02 16:00:00,38.11,38.44,38.11,38.11,0,NRG
2019-01-02 17:00:00,38.11,38.11,38.11,38.11,0,NRG
2019-01-03 08:00:00,37.57,37.57,37.57,37.57,0,NRG
2019-01-03 09:30:00,38.14,38.48,37.94,37.98,535749,NRG
2019-01-03 10:30:00,37.98,38.22,37.56,38.13,672079,NRG
2019-01-03 11:30:00,38.15,38.44,37.95,38.16,514737,NRG
2019-01-03 12:30:00,38.13,38.17,37.69,37.88,251135,NRG
2019-01-03 13:30:00,37.87,38.11,37.87,38.08,483050,NRG
2019-01-03 14:30:00,38.09,38.12,37.74,37.89,431904,NRG
2019-01-03 15:30:00,37.87,38.0,37.7,37.74,661957,NRG
2019-01-03 16:00:00,37.75,37.97,37.75,37.97,0,NRG
2019-01-03 17:00:00,37.75,37.75,37.75,37.75,0,NRG
2019-01-04 09:30:00,37.98,38.94,37.92,38.71,684388,NRG
2019-01-04 10:30:00,38.71,38.81,38.5,38.66,589018,NRG
2019-01-04 11:30:00,38.65,39.16,38.56,39.0,476173,NRG
2019-01-04 12:30:00,39.04,39.19,38.88,38.88,303372,NRG
2019-01-04 13:30:00,38.9,38.98,38.83,38.88,295803,NRG
2019-01-04 14:30:00,38.89,39.0,38.76,38.99,440633,NRG
2019-01-04 15:30:00,38.98,39.09,38.98,39.05,607504,NRG
2019-01-04 16:00:00,39.04,39.15,38.67,39.04,0,NRG
2019-01-04 17:00:00,39.04,39.04,39.04,39.04,0,NRG
2019-01-07 09:30:00,39.25,39.59,38.97,39.5,418161,NRG
2019-01-07 10:30:00,39.49,39.88,39.47,39.6,394829,NRG
2019-01-07 11:30:00,39.62,39.82,39.6,39.78,361470,NRG
2019-01-07 12:30:00,39.76,39.98,39.74,39.93,338500,NRG
2019-01-07 13:30:00,39.92,39.95,39.44,39.49,337343,NRG
2019-01-07 14:30:00,39.49,39.54,39.33,39.42,432021,NRG
2019-01-07 15:30:00,39.44,39.58,39.35,39.41,580987,NRG
2019-01-07 16:00:00,39.4,39.58,39.4,39.4,0,NRG
2019-01-07 17:00:00,39.42,39.42,39.4,39.4,0,NRG
2019-01-08 09:30:00,39.9,40.22,39.85,39.9,510834,NRG
2019-01-08 10:30:00,39.88,40.0,39.64,39.93,271297,NRG
2019-01-08 11:30:00,39.89,40.01,39.71,40.0,215502,NRG
2019-01-08 12:30:00,40.01,40.01,39.74,39.91,221493,NRG
2019-01-08 13:30:00,39.92,39.99,39.85,39.89,296133,NRG
2019-01-08 14:30:00,39.88,40.1,39.88,40.03,309251,NRG
2019-01-08 15:30:00,40.07,40.09,39.94,40.0,473085,NRG
2019-01-08 16:00:00,40.0,40.0,39.93,40.0,0,NRG
2019-01-08 17:00:00,40.0,40.0,40.0,40.0,0,NRG
2019-01-09 09:30:00,39.8,40.32,39.8,40.26,542496,NRG
2019-01-09 10:30:00,40.25,40.26,39.67,39.73,470088,NRG
2019-01-09 11:30:00,39.74,39.84,39.56,39.62,388068,NRG
2019-01-09 12:30:00,39.61,39.71,39.49,39.53,265014,NRG
2019-01-09 13:30:00,39.56,39.7,39.44,39.46,341967,NRG
2019-01-09 14:30:00,39.45,39.71,39.42,39.56,509937,NRG
2019-01-09 15:30:00,39.57,39.6,39.38,39.55,562648,NRG
2019-01-09 16:00:00,39.55,39.7,39.55,39.7,0,NRG
2019-01-09 17:00:00,39.55,39.55,39.55,39.55,0,NRG
2019-01-10 09:30:00,39.42,39.79,39.4,39.79,442279,NRG
2019-01-10 10:30:00,39.8,40.29,39.75,40.25,487373,NRG
2019-01-10 11:30:00,40.19,40.46,40.19,40.43,288342,NRG
2019-01-10 12:30:00,40.43,40.46,40.04,40.17,435840,NRG
2019-01-10 13:30:00,40.2,40.34,40.02,40.26,470785,NRG
2019-01-10 14:30:00,40.25,40.32,40.15,40.21,512778,NRG
2019-01-10 15:30:00,40.21,40.44,40.2,40.4,460979,NRG
2019-01-10 16:00:00,40.41,40.41,40.14,40.14,0,NRG
2019-01-10 18:00:00,40.41,40.41,40.41,40.41,0,NRG
2019-01-11 09:30:00,40.29,40.45,40.0,40.14,247393,NRG
2019-01-11 10:30:00,40.11,40.57,40.11,40.33,248919,NRG
2019-01-11 11:30:00,40.31,40.35,40.13,40.34,283716,NRG
2019-01-11 12:30:00,40.34,40.55,40.32,40.33,250386,NRG
2019-01-11 13:30:00,40.35,40.4,40.27,40.37,196881,NRG
2019-01-11 14:30:00,40.36,40.36,40.24,40.3,252537,NRG
2019-01-11 15:30:00,40.3,40.35,40.28,40.3,269180,NRG
2019-01-11 16:00:00,40.3,40.32,40.3,40.32,0,NRG
2019-01-14 08:00:00,39.08,39.08,39.08,39.08,0,NRG
2019-01-14 09:30:00,39.92,40.17,39.68,40.11,277708,NRG
2019-01-14 10:30:00,40.05,40.12,39.77,39.79,250917,NRG
2019-01-14 11:30:00,39.8,39.85,39.54,39.57,200467,NRG
2019-01-14 12:30:00,39.57,39.8,39.51,39.78,181920,NRG
2019-01-14 13:30:00,39.78,39.81,39.69,39.71,181312,NRG
2019-01-14 14:30:00,39.72,39.77,39.66,39.7,283631,NRG
2019-01-14 15:30:00,39.69,39.72,39.61,39.66,338061,NRG
2019-01-14 16:00:00,39.67,39.75,39.67,39.67,0,NRG
2019-01-14 17:00:00,39.67,39.67,39.67,39.67,0,NRG
2019-01-15 09:30:00,39.73,40.61,39.73,40.59,334686,NRG
2019-01-15 10:30:00,40.59,40.72,40.36,40.37,267486,NRG
2019-01-15 11:30:00,40.37,40.45,40.27,40.36,249623,NRG
2019-01-15 12:30:00,40.38,40.42,40.27,40.42,167682,NRG
2019-01-15 13:30:00,40.43,40.5,40.33,40.33,445168,NRG
2019-01-15 14:30:00,40.32,40.46,40.23,40.33,238420,NRG
2019-01-15 15:30:00,40.33,40.48,40.3,40.43,368398,NRG
2019-01-15 16:00:00,40.44,40.45,40.41,40.44,0,NRG
2019-01-16 09:00:00,40.44,40.44,40.44,40.44,0,NRG
2019-01-16 09:30:00,40.51,40.77,40.34,40.73,359221,NRG
2019-01-16 10:30:00,40.69,40.85,40.51,40.63,296119,NRG
2019-01-16 11:30:00,40.65,40.81,40.6,40.74,333230,NRG
2019-01-16 12:30:00,40.74,40.87,40.74,40.78,169491,NRG
2019-01-16 13:30:00,40.78,40.87,40.76,40.79,146643,NRG
2019-01-16 14:30:00,40.79,40.85,40.73,40.84,348994,NRG
2019-01-16 15:30:00,40.83,40.85,40.67,40.69,488788,NRG
2019-01-16 16:00:00,40.69,40.72,40.69,40.69,0,NRG
2019-01-16 18:00:00,40.69,40.69,40.69,40.69,0,NRG
2019-01-17 09:30:00,40.75,41.14,40.58,41.09,238476,NRG
2019-01-17 10:30:00,41.12,41.28,41.1,41.19,258800,NRG
2019-01-17 11:30:00,41.21,41.34,41.16,41.24,154747,NRG
2019-01-17 12:30:00,41.26,41.29,41.16,41.27,147107,NRG
2019-01-17 13:30:00,41.27,41.69,41.22,41.6,457362,NRG
2019-01-17 14:30:00,41.59,41.81,41.03,41.08,951259,NRG
2019-01-17 15:30:00,41.09,41.17,40.98,41.02,758155,NRG
2019-01-17 16:00:00,41.06,41.25,41.06,41.25,0,NRG
2019-01-18 09:30:00,41.12,41.34,40.63,40.66,1087026,NRG
2019-01-18 10:30:00,40.67,40.72,40.05,40.09,586080,NRG
2019-01-18 11:30:00,40.08,40.39,40.07,40.39,439465,NRG
2019-01-18 12:30:00,40.41,40.53,40.36,40.48,356961,NRG
2019-01-18 13:30:00,40.49,40.65,40.44,40.53,300811,NRG
2019-01-18 14:30:00,40.54,40.57,40.44,40.46,352912,NRG
2019-01-18 15:30:00,40.47,40.5,40.19,40.34,666651,NRG
2019-01-18 16:00:00,40.34,40.54,40.34,40.34,0,NRG
2019-01-18 18:00:00,40.34,40.34,40.34,40.34,0,NRG
2019-01-22 08:00:00,40.35,40.35,40.35,40.35,0,NRG
2019-01-22 09:30:00,40.42,40.86,40.42,40.71,608291,NRG
2019-01-22 10:30:00,40.73,40.75,40.49,40.56,417386,NRG
2019-01-22 11:30:00,40.56,40.61,40.35,40.37,280755,NRG
2019-01-22 12:30:00,40.35,40.42,40.23,40.42,359716,NRG
2019-01-22 13:30:00,40.41,40.41,40.27,40.27,323314,NRG
2019-01-22 14:30:00,40.26,40.31,40.12,40.31,492977,NRG
2019-01-22 15:30:00,40.31,40.5,40.19,40.5,734884,NRG
2019-01-22 16:00:00,40.5,40.5,40.5,40.5,0,NRG
2019-01-22 17:00:00,40.5,40.5,40.5,40.5,0,NRG
2019-01-23 09:30:00,40.79,41.37,40.76,41.31,389368,NRG
2019-01-23 10:30:00,41.27,41.42,41.22,41.3,245700,NRG
2019-01-23 11:30:00,41.35,41.46,41.12,41.29,382461,NRG
2019-01-23 12:30:00,41.29,41.33,41.15,41.15,205520,NRG
2019-01-23 13:30:00,41.15,41.21,41.04,41.06,172316,NRG
2019-01-23 14:30:00,41.03,41.2,40.94,41.19,277291,NRG
2019-01-23 15:30:00,41.21,41.37,41.12,41.34,350505,NRG
2019-01-23 16:00:00,41.34,41.34,41.34,41.34,0,NRG
2019-01-23 17:00:00,41.34,41.34,41.34,41.34,0,NRG
2019-01-24 09:30:00,41.49,41.49,41.07,41.47,332420,NRG
2019-01-24 10:30:00,41.45,41.6,41.26,41.31,371297,NRG
2019-01-24 11:30:00,41.29,41.53,41.29,41.38,296916,NRG
2019-01-24 12:30:00,41.37,41.39,41.22,41.32,218905,NRG
2019-01-24 13:30:00,41.31,41.49,41.27,41.42,320497,NRG
2019-01-24 14:30:00,41.39,41.55,41.27,41.5,422208,NRG
2019-01-24 15:30:00,41.51,41.75,41.51,41.73,656922,NRG
2019-01-24 16:00:00,41.73,41.73,41.47,41.47,0,NRG
2019-01-25 09:30:00,41.87,41.89,41.23,41.57,386201,NRG
2019-01-25 10:30:00,41.57,41.57,41.32,41.35,295877,NRG
2019-01-25 11:30:00,41.34,41.38,41.14,41.23,609508,NRG
2019-01-25 12:30:00,41.24,41.34,41.13,41.28,504146,NRG
2019-01-25 13:30:00,41.26,41.28,41.17,41.17,349060,NRG
2019-01-25 14:30:00,41.17,41.23,40.89,40.93,1173496,NRG
2019-01-25 15:30:00,40.96,41.0,40.86,40.93,753925,NRG
2019-01-25 16:00:00,40.93,41.18,40.93,40.93,0,NRG
2019-01-25 17:00:00,40.93,40.93,40.93,40.93,0,NRG
2019-01-28 08:00:00,40.2,40.2,40.2,40.2,0,NRG
2019-01-28 09:30:00,40.44,40.61,40.14,40.6,649508,NRG
2019-01-28 10:30:00,40.6,40.63,40.27,40.35,467756,NRG
2019-01-28 11:30:00,40.36,40.43,40.23,40.4,301630,NRG
2019-01-28 12:30:00,40.42,40.51,40.38,40.47,194423,NRG
2019-01-28 13:30:00,40.47,40.49,40.29,40.33,237423,NRG
2019-01-28 14:30:00,40.32,40.44,40.28,40.32,285813,NRG
2019-01-28 15:30:00,40.3,40.31,40.08,40.12,638255,NRG
2019-01-28 16:00:00,40.14,40.3,40.14,40.14,0,NRG
2019-01-29 09:30:00,40.18,40.6,40.18,40.52,407672,NRG
2019-01-29 10:30:00,40.55,40.67,40.22,40.3,433438,NRG
2019-01-29 11:30:00,40.32,40.41,40.25,40.31,330285,NRG
2019-01-29 12:30:00,40.3,40.33,40.1,40.12,262870,NRG
2019-01-29 13:30:00,40.12,40.13,39.92,39.94,504646,NRG
2019-01-29 14:30:00,39.93,40.01,39.8,40.01,724620,NRG
2019-01-29 15:30:00,40.02,40.02,39.81,39.94,632845,NRG
2019-01-29 16:00:00,39.93,40.1,39.93,40.1,0,NRG
2019-01-29 17:00:00,39.93,39.93,39.93,39.93,0,NRG
2019-01-29 18:00:00,39.93,39.93,39.93,39.93,0,NRG
2019-01-30 09:30:00,40.13,40.33,40.03,40.2,310774,NRG
2019-01-30 10:30:00,40.21,40.39,40.12,40.13,363845,NRG
2019-01-30 11:30:00,40.16,40.38,40.12,40.3,252347,NRG
2019-01-30 12:30:00,40.32,40.33,40.2,40.26,426116,NRG
2019-01-30 13:30:00,40.24,40.29,39.98,40.17,363096,NRG
2019-01-30 14:30:00,40.17,40.38,40.03,40.08,487106,NRG
2019-01-30 15:30:00,40.07,40.19,40.03,40.18,743204,NRG
2019-01-30 16:00:00,40.18,40.18,40.0,40.18,0,NRG
2019-01-30 17:00:00,40.18,40.18,40.18,40.18,0,NRG
2019-01-30 18:00:00,40.18,40.18,40.18,40.18,0,NRG
2019-01-31 09:30:00,40.11,40.52,40.11,40.51,237413,NRG
2019-01-31 10:30:00,40.53,40.85,40.51,40.83,351314,NRG
2019-01-31 11:30:00,40.82,41.0,40.77,40.79,398388,NRG
2019-01-31 12:30:00,40.78,40.81,40.65,40.75,371885,NRG
2019-01-31 13:30:00,40.74,40.89,40.69,40.89,259498,NRG
2019-01-31 14:30:00,40.87,40.93,40.73,40.85,496078,NRG
2019-01-31 15:30:00,40.85,41.03,40.82,40.91,1113412,NRG
2019-01-31 16:00:00,40.91,41.0,40.74,40.91,0,NRG
2019-02-01 09:00:00,40.91,40.91,40.91,40.91,0,NRG
2019-02-01 09:30:00,40.74,40.95,40.6,40.81,643884,NRG
2019-02-01 10:30:00,40.81,40.85,40.62,40.65,342449,NRG
2019-02-01 11:30:00,40.62,40.99,40.61,40.88,424258,NRG
2019-02-01 12:30:00,40.88,40.94,40.77,40.87,245258,NRG
2019-02-01 13:30:00,40.89,40.92,40.56,40.65,288604,NRG
2019-02-01 14:30:00,40.66,40.73,40.53,40.61,679251,NRG
2019-02-01 15:30:00,40.63,40.81,40.56,40.79,528933,NRG
2019-02-01 16:00:00,40.8,40.8,40.72,40.72,0,NRG
2019-02-04 09:30:00,40.76,40.98,40.5,40.7,394667,NRG
2019-02-04 10:30:00,40.72,41.15,40.72,41.1,284397,NRG
2019-02-04 11:30:00,41.1,41.23,40.97,41.12,185336,NRG
2019-02-04 12:30:00,41.12,41.15,41.03,41.07,165845,NRG
2019-02-04 13:30:00,41.06,41.07,40.89,40.9,198406,NRG
2019-02-04 14:30:00,40.89,40.94,40.78,40.85,260978,NRG
2019-02-04 15:30:00,40.85,41.05,40.83,41.05,450106,NRG
2019-02-04 16:00:00,41.04,41.04,40.95,41.04,0,NRG
2019-02-04 17:00:00,41.04,41.04,41.04,41.04,0,NRG
2019-02-04 18:00:00,41.04,41.04,41.04,41.04,0,NRG
2019-02-05 09:30:00,41.24,41.24,40.92,41.02,307553,NRG
2019-02-05 10:30:00,41.02,41.06,40.65,40.65,318499,NRG
2019-02-05 11:30:00,40.66,40.79,40.62,40.65,308662,NRG
2019-02-05 12:30:00,40.67,40.67,40.44,40.47,283267,NRG
2019-02-05 13:30:00,40.47,40.66,40.41,40.65,282390,NRG
2019-02-05 14:30:00,40.64,40.84,40.64,40.81,421478,NRG
2019-02-05 15:30:00,40.82,40.82,40.61,40.69,446088,NRG
2019-02-05 16:00:00,40.69,40.69,40.67,40.67,0,NRG
2019-02-05 17:00:00,40.69,40.69,40.69,40.69,0,NRG
2019-02-06 08:00:00,40.69,40.69,40.69,40.69,0,NRG
2019-02-06 09:30:00,40.6,40.65,40.34,40.6,440199,NRG
2019-02-06 10:30:00,40.57,40.87,40.57,40.87,306223,NRG
2019-02-06 11:30:00,40.9,40.92,40.8,40.86,216270,NRG
2019-02-06 12:30:00,40.84,40.96,40.81,40.83,191610,NRG
2019-02-06 13:30:00,40.83,40.93,40.67,40.74,213445,NRG
2019-02-06 14:30:00,40.74,40.76,40.66,40.72,225554,NRG
2019-02-06 15:30:00,40.72,40.87,40.69,40.86,410738,NRG
2019-02-06 16:00:00,40.86,40.86,40.74,40.86,0,NRG
2019-02-06 17:00:00,40.86,40.86,40.86,40.86,0,NRG
2019-02-07 09:30:00,40.81,41.24,40.81,41.07,273978,NRG
2019-02-07 10:30:00,41.08,41.08,40.7,40.71,407194,NRG
2019-02-07 11:30:00,40.72,40.99,40.69,40.83,380427,NRG
2019-02-07 12:30:00,40.82,41.11,40.82,41.08,250979,NRG
2019-02-07 13:30:00,41.1,41.43,41.05,41.4,390999,NRG
2019-02-07 14:30:00,41.41,41.45,41.28,41.39,291667,NRG
2019-02-07 15:30:00,41.4,41.58,41.34,41.58,459947,NRG
2019-02-07 16:00:00,41.57,41.57,41.16,41.57,0,NRG
2019-02-07 17:00:00,41.57,41.57,41.57,41.57,0,NRG
2019-02-08 09:30:00,41.32,41.6,41.17,41.56,281100,NRG
2019-02-08 10:30:00,41.56,41.85,41.47,41.77,350853,NRG
2019-02-08 11:30:00,41.77,41.93,41.74,41.92,293940,NRG
2019-02-08 12:30:00,41.93,41.98,41.78,41.83,333989,NRG
2019-02-08 13:30:00,41.84,41.88,41.62,41.65,217678,NRG
2019-02-08 14:30:00,41.64,41.76,41.61,41.76,251354,NRG
2019-02-08 15:30:00,41.76,41.84,41.67,41.84,376148,NRG
2019-02-08 16:00:00,41.83,41.83,41.73,41.83,0,NRG
2019-02-11 09:30:00,41.87,42.35,41.87,42.05,332338,NRG
2019-02-11 10:30:00,42.03,42.27,42.02,42.25,276792,NRG
2019-02-11 11:30:00,42.25,42.31,42.08,42.11,312438,NRG
2019-02-11 12:30:00,42.12,42.23,42.12,42.13,185995,NRG
2019-02-11 13:30:00,42.14,42.23,42.12,42.17,168154,NRG
2019-02-11 14:30:00,42.19,42.21,42.05,42.2,236234,NRG
2019-02-11 15:30:00,42.2,42.28,42.11,42.24,441265,NRG
2019-02-11 16:00:00,42.25,42.25,42.18,42.25,0,NRG
2019-02-11 17:00:00,42.25,42.25,42.25,42.25,0,NRG
2019-02-12 09:30:00,42.58,42.65,42.16,42.61,316903,NRG
2019-02-12 10:30:00,42.6,42.91,42.57,42.72,579415,NRG
2019-02-12 11:30:00,42.68,42.9,42.68,42.74,329713,NRG
2019-02-12 12:30:00,42.73,42.87,42.65,42.71,199887,NRG
2019-02-12 13:30:00,42.71,42.81,42.7,42.74,255727,NRG
2019-02-12 14:30:00,42.74,42.82,42.73,42.75,275523,NRG
2019-02-12 15:30:00,42.74,42.74,42.38,42.42,1056075,NRG
2019-02-12 16:00:00,42.41,42.41,42.41,42.41,0,NRG
2019-02-12 17:00:00,42.41,42.41,42.41,42.41,0,NRG
2019-02-13 08:00:00,42.4,42.4,42.4,42.4,0,NRG
2019-02-13 09:30:00,42.54,42.79,42.49,42.49,503775,NRG
2019-02-13 10:30:00,42.53,42.56,42.35,42.37,277677,NRG
2019-02-13 11:30:00,42.35,42.36,42.22,42.28,522345,NRG
2019-02-13 12:30:00,42.28,42.51,42.28,42.38,259464,NRG
2019-02-13 13:30:00,42.38,42.67,42.35,42.66,282793,NRG
2019-02-13 14:30:00,42.66,42.66,42.52,42.52,317093,NRG
2019-02-13 15:30:00,42.52,42.58,42.44,42.55,401827,NRG
2019-02-13 16:00:00,42.45,42.55,42.45,42.55,0,NRG
2019-02-13 17:00:00,42.55,42.55,42.55,42.55,0,NRG
2019-02-14 09:30:00,42.56,42.9,42.42,42.51,427594,NRG
2019-02-14 10:30:00,42.52,42.58,42.4,42.48,377488,NRG
2019-02-14 11:30:00,42.49,42.65,42.44,42.6,264517,NRG
2019-02-14 12:30:00,42.61,42.65,42.49,42.53,247392,NRG
2019-02-14 13:30:00,42.55,42.76,42.51,42.67,207305,NRG
2019-02-14 14:30:00,42.65,42.7,42.6,42.66,266340,NRG
2019-02-14 15:30:00,42.67,42.69,42.54,42.61,385502,NRG
2019-02-14 16:00:00,42.61,42.61,42.61,42.61,0,NRG
2019-02-14 17:00:00,42.61,42.61,42.61,42.61,0,NRG
2019-02-15 09:30:00,42.93,43.09,42.65,42.73,410540,NRG
2019-02-15 10:30:00,42.71,42.75,42.53,42.58,202037,NRG
2019-02-15 11:30:00,42.59,42.63,42.46,42.56,298540,NRG
2019-02-15 12:30:00,42.56,42.7,42.55,42.57,186400,NRG
2019-02-15 13:30:00,42.56,42.66,42.5,42.56,229597,NRG
2019-02-15 14:30:00,42.57,42.6,42.5,42.53,199673,NRG
2019-02-15 15:30:00,42.53,42.6,42.44,42.45,607478,NRG
2019-02-15 16:00:00,42.46,42.89,42.45,42.46,0,NRG
2019-02-15 17:00:00,42.6,42.6,42.6,42.6,0,NRG
2019-02-19 09:30:00,42.41,42.56,42.22,42.51,375992,NRG
2019-02-19 10:30:00,42.51,42.58,42.38,42.39,362488,NRG
2019-02-19 11:30:00,42.4,42.51,42.31,42.49,268765,NRG
2019-02-19 12:30:00,42.48,42.52,42.45,42.49,202241,NRG
2019-02-19 13:30:00,42.47,42.49,42.4,42.43,162148,NRG
2019-02-19 14:30:00,42.44,42.52,42.36,42.43,273179,NRG
2019-02-19 15:30:00,42.45,42.51,42.42,42.44,314309,NRG
2019-02-19 16:00:00,42.45,42.45,42.44,42.44,0,NRG
2019-02-20 09:30:00,42.27,42.54,42.27,42.52,362197,NRG
2019-02-20 10:30:00,42.32,42.38,42.15,42.31,492580,NRG
2019-02-20 11:30:00,42.38,42.45,42.32,42.33,177274,NRG
2019-02-20 12:30:00,42.33,42.35,42.2,42.24,183202,NRG
2019-02-20 13:30:00,42.23,42.25,42.04,42.12,202116,NRG
2019-02-20 14:30:00,42.13,42.26,42.12,42.12,218460,NRG
2019-02-20 15:30:00,42.12,42.19,42.0,42.06,568895,NRG
2019-02-20 16:00:00,42.06,42.06,42.06,42.06,0,NRG
2019-02-21 09:30:00,41.99,42.22,41.88,42.03,428508,NRG
2019-02-21 10:30:00,42.03,42.04,41.62,42.01,955836,NRG
2019-02-21 11:30:00,41.99,42.29,41.97,42.17,395162,NRG
2019-02-21 12:30:00,42.19,42.2,42.1,42.14,145402,NRG
2019-02-21 13:30:00,42.14,42.27,42.13,42.22,192523,NRG
2019-02-21 14:30:00,42.22,42.22,42.05,42.22,455645,NRG
2019-02-21 15:30:00,42.21,42.48,42.15,42.44,617607,NRG
2019-02-21 16:00:00,42.46,42.46,42.1,42.1,0,NRG
2019-02-21 17:00:00,42.46,42.46,42.46,42.46,0,NRG
2019-02-22 06:00:00,42.55,42.55,42.55,42.55,0,NRG
2019-02-22 09:30:00,42.67,42.84,42.44,42.54,343219,NRG
2019-02-22 10:30:00,42.52,42.58,42.44,42.46,247214,NRG
2019-02-22 11:30:00,42.46,42.46,42.32,42.38,172460,NRG
2019-02-22 12:30:00,42.38,42.39,42.32,42.33,147306,NRG
2019-02-22 13:30:00,42.33,42.41,42.28,42.29,211023,NRG
2019-02-22 14:30:00,42.29,42.3,42.18,42.24,206143,NRG
2019-02-22 15:30:00,42.23,42.27,42.12,42.22,398607,NRG
2019-02-22 16:00:00,42.22,42.37,42.22,42.37,0,NRG
2019-02-22 17:00:00,42.22,42.22,42.22,42.22,0,NRG
2019-02-25 09:30:00,42.41,42.47,42.21,42.22,323522,NRG
2019-02-25 10:30:00,42.22,42.4,42.17,42.17,314527,NRG
2019-02-25 11:30:00,42.17,42.26,42.02,42.02,352346,NRG
2019-02-25 12:30:00,42.01,42.01,41.71,41.72,253600,NRG
2019-02-25 13:30:00,41.71,41.9,41.68,41.83,229126,NRG
2019-02-25 14:30:00,41.82,41.87,41.68,41.68,285483,NRG
2019-02-25 15:30:00,41.67,41.86,41.63,41.83,478865,NRG
2019-02-25 16:00:00,41.84,41.99,41.84,41.98,0,NRG
2019-02-26 09:30:00,41.75,41.75,41.42,41.42,406916,NRG
2019-02-26 10:30:00,41.41,41.55,41.02,41.41,779031,NRG
2019-02-26 11:30:00,41.42,41.42,41.2,41.26,414710,NRG
2019-02-26 12:30:00,41.25,41.33,41.22,41.29,257888,NRG
2019-02-26 13:30:00,41.3,41.35,41.24,41.34,416991,NRG
2019-02-26 14:30:00,41.34,41.42,41.33,41.4,373205,NRG
2019-02-26 15:30:00,41.4,41.4,41.34,41.37,459224,NRG
2019-02-26 16:00:00,41.37,41.37,41.35,41.35,0,NRG
2019-02-26 17:00:00,41.37,41.37,41.37,41.37,0,NRG
2019-02-27 09:30:00,41.29,41.29,40.84,41.08,712481,NRG
2019-02-27 10:30:00,41.1,41.15,40.92,41.12,292424,NRG
2019-02-27 11:30:00,41.11,41.13,41.01,41.08,222637,NRG
2019-02-27 12:30:00,41.06,41.17,41.02,41.1,263401,NRG
2019-02-27 13:30:00,41.11,41.12,40.94,40.94,350514,NRG
2019-02-27 14:30:00,40.94,41.01,40.66,40.71,599643,NRG
2019-02-27 15:30:00,40.7,41.03,40.67,41.01,1134630,NRG
2019-02-27 16:00:00,41.02,41.03,40.96,41.02,0,NRG
2019-02-27 17:00:00,41.02,41.02,41.02,41.02,0,NRG
2019-02-28 07:00:00,41.13,41.13,41.13,41.13,0,NRG
2019-02-28 08:00:00,42.8,42.8,41.02,41.02,0,NRG
2019-02-28 09:00:00,42.8,42.8,42.16,42.8,0,NRG
2019-02-28 09:30:00,42.23,42.23,40.22,40.69,847124,NRG
2019-02-28 10:30:00,40.67,40.91,40.22,40.48,683271,NRG
2019-02-28 11:30:00,40.46,41.36,40.39,41.35,542652,NRG
2019-02-28 12:30:00,41.36,41.76,41.24,41.7,418824,NRG
2019-02-28 13:30:00,41.7,41.76,41.56,41.69,311755,NRG
2019-02-28 14:30:00,41.69,41.71,41.47,41.55,422465,NRG
2019-02-28 15:30:00,41.57,41.71,41.56,41.68,773990,NRG
2019-02-28 16:00:00,41.68,41.68,41.68,41.68,0,NRG
2019-02-28 17:00:00,41.68,41.68,41.68,41.68,0,NRG
2019-02-28 18:00:00,41.68,41.68,41.68,41.68,0,NRG
2019-03-01 08:00:00,41.68,41.68,41.68,41.68,0,NRG
2019-03-01 09:30:00,41.97,42.31,41.53,41.69,783091,NRG
2019-03-01 10:30:00,41.71,41.92,41.61,41.76,611257,NRG
2019-03-01 11:30:00,41.75,41.9,41.6,41.68,719071,NRG
2019-03-01 12:30:00,41.68,41.77,41.63,41.75,313292,NRG
2019-03-01 13:30:00,41.75,41.99,41.73,41.99,511725,NRG
2019-03-01 14:30:00,41.98,42.24,41.93,42.22,623339,NRG
2019-03-01 15:30:00,42.24,42.3,42.19,42.21,902359,NRG
2019-03-01 16:00:00,42.2,42.2,41.07,42.2,0,NRG
2019-03-01 17:00:00,42.2,42.2,42.2,42.2,0,NRG
2019-03-04 09:30:00,42.49,42.79,41.97,42.07,600310,NRG
2019-03-04 10:30:00,42.05,42.05,41.1,41.1,623745,NRG
2019-03-04 11:30:00,41.07,41.07,40.56,40.79,751602,NRG
2019-03-04 12:30:00,40.78,40.84,40.6,40.74,491217,NRG
2019-03-04 13:30:00,40.74,41.31,40.65,41.31,683715,NRG
2019-03-04 14:30:00,41.31,41.64,41.31,41.46,1032108,NRG
2019-03-04 15:30:00,41.48,41.74,41.44,41.71,1143870,NRG
2019-03-04 16:00:00,41.71,41.71,41.32,41.71,0,NRG
2019-03-04 17:00:00,41.71,41.71,41.71,41.71,0,NRG
2019-03-04 18:00:00,42.9,42.9,42.9,42.9,0,NRG
2019-03-05 09:30:00,41.74,41.88,41.28,41.57,856835,NRG
2019-03-05 10:30:00,41.61,41.61,41.42,41.48,596162,NRG
2019-03-05 11:30:00,41.47,41.6,41.36,41.54,615443,NRG
2019-03-05 12:30:00,41.54,41.62,41.47,41.52,419021,NRG
2019-03-05 13:30:00,41.52,41.85,41.45,41.71,517114,NRG
2019-03-05 14:30:00,41.71,41.87,41.71,41.76,488246,NRG
2019-03-05 15:30:00,41.76,41.85,41.72,41.75,895171,NRG
2019-03-05 16:00:00,41.74,41.74,41.52,41.74,0,NRG
2019-03-05 17:00:00,41.74,41.74,41.74,41.74,0,NRG
2019-03-06 09:00:00,41.74,41.74,41.74,41.74,0,NRG
2019-03-06 09:30:00,41.63,41.97,41.56,41.69,476647,NRG
2019-03-06 10:30:00,41.66,41.78,41.62,41.74,383019,NRG
2019-03-06 11:30:00,41.73,41.75,41.56,41.61,303094,NRG
2019-03-06 12:30:00,41.62,41.74,41.47,41.49,238772,NRG
2019-03-06 13:30:00,41.5,41.68,41.46,41.68,398083,NRG
2019-03-06 14:30:00,41.67,41.71,41.41,41.41,372276,NRG
2019-03-06 15:30:00,41.43,41.58,41.35,41.38,908200,NRG
2019-03-06 16:00:00,41.38,41.64,41.38,41.58,0,NRG
2019-03-06 17:00:00,41.38,41.38,41.38,41.38,0,NRG
2019-03-07 09:30:00,41.4,41.92,41.4,41.49,468521,NRG
2019-03-07 10:30:00,41.48,41.56,41.4,41.51,457277,NRG
2019-03-07 11:30:00,41.52,41.61,41.48,41.51,470496,NRG
2019-03-07 12:30:00,41.5,41.55,41.38,41.49,301943,NRG
2019-03-07 13:30:00,41.49,41.49,41.35,41.37,363445,NRG
2019-03-07 14:30:00,41.39,41.39,41.17,41.22,428245,NRG
2019-03-07 15:30:00,41.22,41.25,41.12,41.24,683073,NRG
2019-03-07 16:00:00,41.24,41.41,41.24,41.24,0,NRG
2019-03-07 17:00:00,41.24,41.24,41.24,41.24,0,NRG
2019-03-08 09:00:00,41.24,41.24,41.24,41.24,0,NRG
2019-03-08 09:30:00,41.09,41.13,40.76,40.98,444658,NRG
2019-03-08 10:30:00,41.01,41.23,40.96,41.17,452737,NRG
2019-03-08 11:30:00,41.19,41.27,41.1,41.24,328880,NRG
2019-03-08 12:30:00,41.26,41.27,41.05,41.06,226065,NRG
2019-03-08 13:30:00,41.06,41.14,41.05,41.08,307809,NRG
2019-03-08 14:30:00,41.08,41.27,41.08,41.24,457353,NRG
2019-03-08 15:30:00,41.22,41.48,41.19,41.46,609599,NRG
2019-03-08 16:00:00,41.46,41.46,41.19,41.19,0,NRG
2019-03-08 17:00:00,41.46,41.46,41.46,41.46,0,NRG
2019-03-11 09:30:00,41.68,41.69,40.94,41.22,439552,NRG
2019-03-11 10:30:00,41.22,41.62,41.2,41.62,524656,NRG
2019-03-11 11:30:00,41.63,41.71,41.58,41.69,314417,NRG
2019-03-11 12:30:00,41.69,41.72,41.61,41.67,266023,NRG
2019-03-11 13:30:00,41.67,41.72,41.6,41.71,285317,NRG
2019-03-11 14:30:00,41.7,41.8,41.64,41.66,440406,NRG
2019-03-11 15:30:00,41.67,41.79,41.67,41.79,426542,NRG
2019-03-11 16:00:00,41.79,41.79,41.79,41.79,0,NRG
2019-03-11 17:00:00,41.79,41.79,41.79,41.79,0,NRG
2019-03-12 09:30:00,42.0,42.0,41.66,41.75,530905,NRG
2019-03-12 10:30:00,41.77,42.38,41.77,42.32,597379,NRG
2019-03-12 11:30:00,42.32,42.57,42.3,42.53,941320,NRG
2019-03-12 12:30:00,42.52,42.74,42.52,42.69,522920,NRG
2019-03-12 13:30:00,42.7,42.99,42.69,42.9,482351,NRG
2019-03-12 14:30:00,42.91,43.06,42.9,43.04,1242205,NRG
2019-03-12 15:30:00,43.03,43.12,42.9,42.9,1429955,NRG
2019-03-12 16:00:00,42.94,42.94,42.94,42.94,0,NRG
2019-03-13 09:30:00,42.81,43.41,42.81,43.4,469407,NRG
2019-03-13 10:30:00,43.43,43.48,43.21,43.21,545626,NRG
2019-03-13 11:30:00,43.21,43.3,42.9,42.92,381382,NRG
2019-03-13 12:30:00,42.92,43.18,42.86,43.09,274224,NRG
2019-03-13 13:30:00,43.1,43.24,43.1,43.23,316773,NRG
2019-03-13 14:30:00,43.22,43.25,43.11,43.12,551651,NRG
2019-03-13 15:30:00,43.12,43.17,43.08,43.12,1014265,NRG
2019-03-13 16:00:00,43.06,43.06,43.06,43.06,0,NRG
2019-03-13 18:00:00,43.06,43.06,43.06,43.06,0,NRG
2019-03-14 09:30:00,42.95,42.95,42.45,42.49,407955,NRG
2019-03-14 10:30:00,42.52,42.52,42.29,42.37,457666,NRG
2019-03-14 11:30:00,42.38,42.47,42.31,42.4,490613,NRG
2019-03-14 12:30:00,42.39,42.42,42.3,42.31,403080,NRG
2019-03-14 13:30:00,42.32,42.35,42.17,42.17,433596,NRG
2019-03-14 14:30:00,42.18,42.22,41.9,42.01,781672,NRG
2019-03-14 15:30:00,42.01,42.03,41.83,41.89,1356186,NRG
2019-03-14 16:00:00,41.86,41.9,41.86,41.86,0,NRG
2019-03-14 17:00:00,41.9,41.9,41.9,41.9,0,NRG
2019-03-15 09:30:00,41.8,41.87,41.38,41.86,749883,NRG
2019-03-15 10:30:00,41.87,42.13,41.8,42.1,254234,NRG
2019-03-15 11:30:00,42.1,42.17,42.04,42.06,311513,NRG
2019-03-15 12:30:00,42.08,42.1,41.99,41.99,192511,NRG
2019-03-15 13:30:00,42.0,42.08,41.96,41.99,228247,NRG
2019-03-15 14:30:00,42.0,42.08,41.98,42.03,573532,NRG
2019-03-15 15:30:00,42.03,42.03,41.9,42.0,1198391,NRG
2019-03-15 16:00:00,41.97,41.97,41.95,41.97,0,NRG
2019-03-15 17:00:00,41.97,41.97,41.97,41.97,0,NRG
2019-03-18 08:00:00,41.97,41.97,41.97,41.97,0,NRG
2019-03-18 09:30:00,41.98,42.29,41.83,42.13,303269,NRG
2019-03-18 10:30:00,42.17,42.24,41.87,41.92,373191,NRG
2019-03-18 11:30:00,41.93,42.01,41.8,41.88,262486,NRG
2019-03-18 12:30:00,41.87,41.98,41.86,41.87,239097,NRG
2019-03-18 13:30:00,41.88,41.96,41.86,41.89,233975,NRG
2019-03-18 14:30:00,41.91,41.93,41.8,41.81,303738,NRG
2019-03-18 15:30:00,41.82,41.93,41.72,41.88,621794,NRG
2019-03-18 16:00:00,41.88,41.92,41.88,41.88,0,NRG
2019-03-18 17:00:00,41.88,41.88,41.88,41.88,0,NRG
2019-03-19 09:30:00,42.03,42.23,41.95,42.16,449318,NRG
2019-03-19 10:30:00,42.18,42.19,42.09,42.09,374332,NRG
2019-03-19 11:30:00,42.07,42.21,42.01,42.21,367002,NRG
2019-03-19 12:30:00,42.22,42.26,41.98,42.14,306073,NRG
2019-03-19 13:30:00,42.14,42.24,42.09,42.15,252999,NRG
2019-03-19 14:30:00,42.15,42.18,41.98,42.0,300518,NRG
2019-03-19 15:30:00,41.99,42.07,41.8,41.93,790119,NRG
2019-03-19 16:00:00,41.93,42.02,41.89,41.93,0,NRG
2019-03-19 18:00:00,41.93,41.93,41.93,41.93,0,NRG
2019-03-20 09:30:00,42.0,42.1,41.81,41.83,297294,NRG
2019-03-20 10:30:00,41.85,42.05,41.85,42.03,248219,NRG
2019-03-20 11:30:00,42.06,42.1,41.95,42.08,189306,NRG
2019-03-20 12:30:00,42.1,42.12,41.96,42.08,160596,NRG
2019-03-20 13:30:00,42.08,42.55,42.01,42.55,314954,NRG
2019-03-20 14:30:00,42.56,42.67,42.49,42.62,613835,NRG
2019-03-20 15:30:00,42.61,42.62,42.39,42.5,604992,NRG
2019-03-20 16:00:00,42.51,42.51,42.08,42.51,0,NRG
2019-03-21 09:30:00,42.38,43.37,42.38,43.35,334987,NRG
2019-03-21 10:30:00,43.33,43.46,43.09,43.09,339957,NRG
2019-03-21 11:30:00,43.09,43.26,43.08,43.14,406113,NRG
2019-03-21 12:30:00,43.16,43.46,43.13,43.45,333305,NRG
2019-03-21 13:30:00,43.46,43.48,43.3,43.42,209555,NRG
2019-03-21 14:30:00,43.4,43.49,43.31,43.38,393127,NRG
2019-03-21 15:30:00,43.37,43.48,43.33,43.37,659994,NRG
2019-03-21 16:00:00,43.37,43.37,43.37,43.37,0,NRG
2019-03-21 17:00:00,43.37,43.37,43.37,43.37,0,NRG
2019-03-22 09:30:00,43.37,43.65,43.17,43.18,397473,NRG
2019-03-22 10:30:00,43.21,43.29,43.07,43.08,310306,NRG
2019-03-22 11:30:00,43.07,43.13,42.67,42.76,670353,NRG
2019-03-22 12:30:00,42.76,42.78,42.58,42.78,252297,NRG
2019-03-22 13:30:00,42.77,42.94,42.75,42.88,273256,NRG
2019-03-22 14:30:00,42.88,42.97,42.73,42.73,295149,NRG
2019-03-22 15:30:00,42.72,42.72,42.49,42.49,510113,NRG
2019-03-22 16:00:00,42.49,42.76,42.49,42.49,0,NRG
2019-03-22 17:00:00,42.49,42.49,42.49,42.49,0,NRG
2019-03-25 09:30:00,42.27,42.63,42.27,42.47,342979,NRG
2019-03-25 10:30:00,42.47,42.89,42.47,42.85,266061,NRG
2019-03-25 11:30:00,42.85,43.17,42.82,43.13,338221,NRG
2019-03-25 12:30:00,43.15,43.29,43.08,43.29,328135,NRG
2019-03-25 13:30:00,43.3,43.32,43.01,43.13,196832,NRG
2019-03-25 14:30:00,43.12,43.42,43.1,43.4,255074,NRG
2019-03-25 15:30:00,43.4,43.42,43.13,43.14,679933,NRG
2019-03-25 16:00:00,43.13,43.13,43.04,43.13,0,NRG
2019-03-25 17:00:00,43.38,43.38,43.38,43.38,0,NRG
2019-03-25 18:00:00,43.38,43.38,43.38,43.38,0,NRG
2019-03-26 07:00:00,43.3,43.3,43.3,43.3,0,NRG
2019-03-26 09:30:00,43.38,43.38,43.06,43.32,226572,NRG
2019-03-26 10:30:00,43.31,43.56,43.31,43.46,224540,NRG
2019-03-26 11:30:00,43.44,43.45,43.3,43.43,301241,NRG
2019-03-26 12:30:00,43.43,43.48,43.31,43.37,249903,NRG
2019-03-26 13:30:00,43.38,43.38,43.25,43.34,291665,NRG
2019-03-26 14:30:00,43.32,43.4,43.24,43.31,254597,NRG
2019-03-26 15:30:00,43.29,43.35,43.13,43.35,596930,NRG
2019-03-26 16:00:00,43.36,43.36,43.33,43.33,0,NRG
2019-03-27 09:30:00,43.08,43.33,43.03,43.24,261701,NRG
2019-03-27 10:30:00,43.26,43.28,42.75,42.75,261824,NRG
2019-03-27 11:30:00,42.76,42.95,42.64,42.93,258851,NRG
2019-03-27 12:30:00,42.94,43.1,42.94,43.09,186948,NRG
2019-03-27 13:30:00,43.1,43.11,42.98,43.04,255839,NRG
2019-03-27 14:30:00,43.04,43.1,42.88,42.9,271213,NRG
2019-03-27 15:30:00,42.91,42.99,42.77,42.82,387654,NRG
2019-03-27 16:00:00,42.82,42.97,42.82,42.82,0,NRG
2019-03-28 09:30:00,42.84,42.98,42.6,42.69,266804,NRG
2019-03-28 10:30:00,42.71,42.72,42.41,42.49,301985,NRG
2019-03-28 11:30:00,42.49,42.67,42.44,42.51,423850,NRG
2019-03-28 12:30:00,42.51,42.63,42.51,42.55,252357,NRG
2019-03-28 13:30:00,42.54,42.72,42.5,42.69,265811,NRG
2019-03-28 14:30:00,42.69,42.78,42.6,42.76,441866,NRG
2019-03-28 15:30:00,42.76,42.87,42.72,42.76,827857,NRG
2019-03-28 16:00:00,42.76,42.76,42.65,42.76,0,NRG
2019-03-28 17:00:00,42.76,42.76,42.76,42.76,0,NRG
2019-03-29 09:00:00,43.06,43.06,43.06,43.06,0,NRG
2019-03-29 09:30:00,42.8,42.84,42.49,42.71,299495,NRG
2019-03-29 10:30:00,42.7,42.72,42.56,42.7,300044,NRG
2019-03-29 11:30:00,42.69,42.73,42.6,42.69,258223,NRG
2019-03-29 12:30:00,42.69,42.72,42.58,42.62,213105,NRG
2019-03-29 13:30:00,42.62,42.78,42.57,42.77,208945,NRG
2019-03-29 14:30:00,42.78,42.83,42.69,42.72,322149,NRG
2019-03-29 15:30:00,42.72,42.72,42.48,42.48,997273,NRG
2019-03-29 16:00:00,42.48,42.66,42.47,42.48,0,NRG
2019-03-29 17:00:00,42.48,42.48,42.48,42.48,0,NRG
2019-04-01 09:30:00,42.7,42.89,42.14,42.14,548582,NRG
2019-04-01 10:30:00,42.18,42.24,41.95,42.03,641435,NRG
2019-04-01 11:30:00,42.02,42.08,41.97,42.02,279717,NRG
2019-04-01 12:30:00,42.04,42.07,41.92,41.96,232139,NRG
2019-04-01 13:30:00,41.97,41.98,41.78,41.78,261994,NRG
2019-04-01 14:30:00,41.77,41.86,41.61,41.67,350637,NRG
2019-04-01 15:30:00,41.67,41.85,41.67,41.8,727316,NRG
2019-04-01 16:00:00,41.79,42.02,41.78,41.78,0,NRG
2019-04-01 17:00:00,41.78,41.78,41.78,41.78,0,NRG
2019-04-01 18:00:00,41.78,41.78,41.78,41.78,0,NRG
2019-04-02 09:30:00,41.94,42.29,41.83,42.16,487229,NRG
2019-04-02 10:30:00,42.16,42.44,42.1,42.35,459078,NRG
2019-04-02 11:30:00,42.33,42.51,42.27,42.46,330737,NRG
2019-04-02 12:30:00,42.46,42.55,42.38,42.4,289023,NRG
2019-04-02 13:30:00,42.4,42.45,42.33,42.44,250107,NRG
2019-04-02 14:30:00,42.44,42.46,42.37,42.43,260814,NRG
2019-04-02 15:30:00,42.42,42.46,42.34,42.37,511526,NRG
2019-04-02 16:00:00,42.36,42.36,42.32,42.36,0,NRG
2019-04-02 17:00:00,42.36,42.36,42.36,42.36,0,NRG
2019-04-03 09:00:00,42.37,42.37,42.37,42.37,0,NRG
2019-04-03 09:30:00,42.26,42.85,42.18,42.78,328999,NRG
2019-04-03 10:30:00,42.8,43.01,42.76,42.81,427710,NRG
2019-04-03 11:30:00,42.82,42.88,42.69,42.74,210068,NRG
2019-04-03 12:30:00,42.75,42.82,42.71,42.77,225782,NRG
2019-04-03 13:30:00,42.77,42.81,42.6,42.63,192724,NRG
2019-04-03 14:30:00,42.63,42.64,42.34,42.43,322067,NRG
2019-04-03 15:30:00,42.41,42.46,42.3,42.34,546405,NRG
2019-04-03 16:00:00,42.34,42.34,42.34,42.34,0,NRG
2019-04-03 17:00:00,42.36,42.36,42.36,42.36,0,NRG
2019-04-04 09:00:00,42.35,42.35,42.35,42.35,0,NRG
2019-04-04 09:30:00,42.5,42.53,42.21,42.42,281784,NRG
2019-04-04 10:30:00,42.44,42.44,42.08,42.15,432657,NRG
2019-04-04 11:30:00,42.15,42.25,42.09,42.23,221361,NRG
2019-04-04 12:30:00,42.23,42.26,42.06,42.15,185632,NRG
2019-04-04 13:30:00,42.15,42.2,42.08,42.2,155292,NRG
2019-04-04 14:30:00,42.19,42.29,42.13,42.28,219315,NRG
2019-04-04 15:30:00,42.29,42.35,42.21,42.24,385099,NRG
2019-04-04 16:00:00,42.24,42.24,42.24,42.24,0,NRG
2019-04-05 09:30:00,42.31,42.4,42.13,42.24,184303,NRG
2019-04-05 10:30:00,42.25,42.27,41.88,41.88,283828,NRG
2019-04-05 11:30:00,41.88,41.9,41.68,41.74,354100,NRG
2019-04-05 12:30:00,41.74,41.83,41.7,41.82,260320,NRG
2019-04-05 13:30:00,41.82,41.88,41.72,41.78,189624,NRG
2019-04-05 14:30:00,41.78,41.89,41.76,41.87,274980,NRG
2019-04-05 15:30:00,41.88,42.07,41.86,42.07,449593,NRG
2019-04-05 16:00:00,42.07,42.07,41.7,41.74,0,NRG
2019-04-08 09:30:00,42.0,42.03,41.55,41.84,336724,NRG
2019-04-08 10:30:00,41.84,41.97,41.83,41.88,207116,NRG
2019-04-08 11:30:00,41.87,42.0,41.86,42.0,208595,NRG
2019-04-08 12:30:00,41.99,42.08,41.94,42.08,197031,NRG
2019-04-08 13:30:00,42.07,42.07,41.85,41.89,177485,NRG
2019-04-08 14:30:00,41.88,41.9,41.79,41.87,274602,NRG
2019-04-08 15:30:00,41.85,41.95,41.84,41.94,411275,NRG
2019-04-08 16:00:00,41.95,41.95,41.95,41.95,0,NRG
2019-04-09 09:30:00,41.84,42.05,41.81,41.93,255239,NRG
2019-04-09 10:30:00,41.96,42.18,41.96,42.14,320218,NRG
2019-04-09 11:30:00,42.13,42.15,41.95,42.08,217762,NRG
2019-04-09 12:30:00,42.08,42.09,41.89,41.9,213703,NRG
2019-04-09 13:30:00,41.9,41.95,41.82,41.92,210968,NRG
2019-04-09 14:30:00,41.93,42.12,41.93,41.98,302600,NRG
2019-04-09 15:30:00,42.0,42.15,42.0,42.15,401337,NRG
2019-04-09 16:00:00,42.16,42.16,42.0,42.03,0,NRG
2019-04-10 09:30:00,42.28,42.65,42.19,42.64,236266,NRG
2019-04-10 10:30:00,42.63,42.8,42.57,42.57,301828,NRG
2019-04-10 11:30:00,42.56,42.6,42.32,42.37,345674,NRG
2019-04-10 12:30:00,42.36,42.4,42.26,42.33,214458,NRG
2019-04-10 13:30:00,42.31,42.48,42.22,42.26,209463,NRG
2019-04-10 14:30:00,42.25,42.3,42.19,42.23,223704,NRG
2019-04-10 15:30:00,42.23,42.29,42.17,42.26,394501,NRG
2019-04-10 16:00:00,42.26,42.38,42.26,42.26,0,NRG
2019-04-11 09:30:00,42.23,42.35,42.05,42.31,283954,NRG
2019-04-11 10:30:00,42.3,42.38,42.2,42.37,183083,NRG
2019-04-11 11:30:00,42.36,42.41,42.27,42.31,338191,NRG
2019-04-11 12:30:00,42.31,42.35,42.24,42.29,247978,NRG
2019-04-11 13:30:00,42.3,42.3,42.09,42.09,215965,NRG
2019-04-11 14:30:00,42.09,42.37,42.09,42.35,233749,NRG
2019-04-11 15:30:00,42.35,42.45,42.33,42.42,391949,NRG
2019-04-11 16:00:00,42.41,42.41,42.3,42.3,0,NRG
2019-04-12 09:30:00,42.33,42.5,42.29,42.47,172695,NRG
2019-04-12 10:30:00,42.48,42.53,42.44,42.5,224907,NRG
2019-04-12 11:30:00,42.49,42.51,42.4,42.46,211046,NRG
2019-04-12 12:30:00,42.46,42.48,42.35,42.35,167860,NRG
2019-04-12 13:30:00,42.35,42.35,42.21,42.27,159749,NRG
2019-04-12 14:30:00,42.27,42.35,42.26,42.31,250398,NRG
2019-04-12 15:30:00,42.31,42.31,42.23,42.28,424954,NRG
2019-04-12 16:00:00,42.27,42.27,42.27,42.27,0,NRG
2019-04-15 09:30:00,42.36,42.56,42.16,42.16,231349,NRG
2019-04-15 10:30:00,42.16,42.42,42.14,42.31,161965,NRG
2019-04-15 11:30:00,42.3,42.33,42.25,42.32,175917,NRG
2019-04-15 12:30:00,42.31,42.4,42.29,42.37,126604,NRG
2019-04-15 13:30:00,42.37,42.4,42.21,42.24,195107,NRG
2019-04-15 14:30:00,42.25,42.25,42.15,42.22,192187,NRG
2019-04-15 15:30:00,42.21,42.29,42.15,42.28,370411,NRG
2019-04-15 16:00:00,42.29,42.29,42.29,42.29,0,NRG
2019-04-15 17:00:00,42.3,42.3,42.3,42.3,0,NRG
2019-04-16 09:30:00,42.24,42.39,42.08,42.3,242385,NRG
2019-04-16 10:30:00,42.29,42.44,42.27,42.39,192911,NRG
2019-04-16 11:30:00,42.39,42.4,42.17,42.23,247362,NRG
2019-04-16 12:30:00,42.22,42.29,42.14,42.14,191919,NRG
2019-04-16 13:30:00,42.15,42.19,42.03,42.19,295127,NRG
2019-04-16 14:30:00,42.2,42.2,42.11,42.13,285822,NRG
2019-04-16 15:30:00,42.13,42.15,41.99,42.04,449880,NRG
2019-04-16 16:00:00,42.03,42.17,42.03,42.17,0,NRG
2019-04-17 09:30:00,42.0,42.09,40.79,41.17,1436555,NRG
2019-04-17 10:30:00,41.18,41.21,40.81,40.92,941902,NRG
2019-04-17 11:30:00,40.93,41.03,40.82,40.97,777930,NRG
2019-04-17 12:30:00,40.96,41.21,40.86,41.08,570831,NRG
2019-04-17 13:30:00,41.08,41.16,40.89,40.89,608144,NRG
2019-04-17 14:30:00,40.88,41.21,40.88,41.19,709201,NRG
2019-04-17 15:30:00,41.19,41.29,41.14,41.2,831027,NRG
2019-04-17 16:00:00,41.18,41.18,41.0,41.0,0,NRG
2019-04-18 09:30:00,41.28,41.47,40.97,41.17,524190,NRG
2019-04-18 10:30:00,41.17,41.29,40.93,40.93,524216,NRG
2019-04-18 11:30:00,40.92,41.01,40.83,40.9,196255,NRG
2019-04-18 12:30:00,40.9,41.04,40.85,40.88,313284,NRG
2019-04-18 13:30:00,40.89,40.94,40.85,40.9,257461,NRG
2019-04-18 14:30:00,40.9,40.98,40.88,40.96,300158,NRG
2019-04-18 15:30:00,40.95,41.01,40.88,40.99,769016,NRG
2019-04-18 16:00:00,40.99,41.0,40.97,41.0,0,NRG
2019-04-18 17:00:00,41.0,41.0,41.0,41.0,0,NRG
2019-04-22 09:30:00,41.02,41.06,40.78,40.97,183123,NRG
2019-04-22 10:30:00,40.96,40.97,40.68,40.74,196443,NRG
2019-04-22 11:30:00,40.74,40.77,40.58,40.74,317209,NRG
2019-04-22 12:30:00,40.73,40.82,40.71,40.81,198889,NRG
2019-04-22 13:30:00,40.81,41.03,40.81,41.0,244504,NRG
2019-04-22 14:30:00,40.99,41.0,40.81,40.81,326290,NRG
2019-04-22 15:30:00,40.82,40.92,40.74,40.9,689229,NRG
2019-04-22 16:00:00,40.89,40.89,40.84,40.89,0,NRG
2019-04-23 09:30:00,41.05,41.4,40.89,41.38,312144,NRG
2019-04-23 10:30:00,41.38,41.39,41.0,41.1,222480,NRG
2019-04-23 11:30:00,41.1,41.13,41.01,41.04,188782,NRG
2019-04-23 12:30:00,41.05,41.09,40.9,40.97,663516,NRG
2019-04-23 13:30:00,40.96,41.45,40.9,41.45,299203,NRG
2019-04-23 14:30:00,41.45,41.53,41.35,41.42,368579,NRG
2019-04-23 15:30:00,41.42,41.42,41.27,41.34,417123,NRG
2019-04-23 16:00:00,41.34,41.34,41.24,41.34,0,NRG
2019-04-23 17:00:00,41.34,41.34,41.34,41.34,0,NRG
2019-04-24 09:30:00,41.4,41.56,41.32,41.55,161330,NRG
2019-04-24 10:30:00,41.56,41.61,41.5,41.52,152614,NRG
2019-04-24 11:30:00,41.52,41.55,41.27,41.33,167085,NRG
2019-04-24 12:30:00,41.33,41.38,41.12,41.28,168746,NRG
2019-04-24 13:30:00,41.29,41.42,41.29,41.35,203300,NRG
2019-04-24 14:30:00,41.35,41.44,41.33,41.39,264727,NRG
2019-04-24 15:30:00,41.39,41.45,41.32,41.35,356463,NRG
2019-04-24 16:00:00,41.35,41.39,41.35,41.39,0,NRG
2019-04-24 18:00:00,41.35,41.35,41.35,41.35,0,NRG
2019-04-25 09:30:00,41.13,41.13,40.8,41.1,182890,NRG
2019-04-25 10:30:00,41.1,41.34,40.99,41.15,204162,NRG
2019-04-25 11:30:00,41.15,41.26,41.08,41.1,154792,NRG
2019-04-25 12:30:00,41.11,41.31,41.05,41.22,263943,NRG
2019-04-25 13:30:00,41.22,41.24,41.11,41.13,208249,NRG
2019-04-25 14:30:00,41.13,41.26,41.03,41.03,388382,NRG
2019-04-25 15:30:00,41.04,41.15,40.88,40.89,573236,NRG
2019-04-25 16:00:00,40.89,41.09,40.89,41.09,0,NRG
2019-04-25 17:00:00,40.89,40.89,40.89,40.89,0,NRG
2019-04-26 09:30:00,41.07,41.35,41.07,41.17,182180,NRG
2019-04-26 10:30:00,41.17,41.23,41.14,41.15,154215,NRG
2019-04-26 11:30:00,41.15,41.16,40.96,41.03,135780,NRG
2019-04-26 12:30:00,41.04,41.09,40.94,40.94,106821,NRG
2019-04-26 13:30:00,40.94,40.97,40.85,40.89,142403,NRG
2019-04-26 14:30:00,40.89,41.05,40.89,41.0,162582,NRG
2019-04-26 15:30:00,41.0,41.01,40.89,40.92,371841,NRG
2019-04-26 16:00:00,40.92,40.92,40.92,40.92,0,NRG
2019-04-29 09:30:00,40.9,41.1,40.7,40.74,234713,NRG
2019-04-29 10:30:00,40.74,40.83,40.59,40.68,219170,NRG
2019-04-29 11:30:00,40.69,40.85,40.69,40.77,215580,NRG
2019-04-29 12:30:00,40.78,40.94,40.77,40.88,141461,NRG
2019-04-29 13:30:00,40.89,40.89,40.79,40.86,102285,NRG
2019-04-29 14:30:00,40.86,40.86,40.77,40.78,158569,NRG
2019-04-29 15:30:00,40.78,40.94,40.72,40.87,322393,NRG
2019-04-29 16:00:00,40.88,40.88,40.83,40.83,0,NRG
2019-04-30 09:30:00,40.81,40.85,40.54,40.58,203256,NRG
2019-04-30 10:30:00,40.59,40.82,40.57,40.81,250908,NRG
2019-04-30 11:30:00,40.81,41.0,40.8,40.95,234855,NRG
2019-04-30 12:30:00,40.94,40.94,40.81,40.84,178090,NRG
2019-04-30 13:30:00,40.83,40.97,40.79,40.87,242750,NRG
2019-04-30 14:30:00,40.87,41.03,40.83,40.99,335004,NRG
2019-04-30 15:30:00,40.99,41.16,40.97,41.16,639170,NRG
2019-04-30 16:00:00,41.17,41.17,41.17,41.17,534556,NRG
2019-05-01 09:30:00,41.0,41.17,40.84,40.92,0,NRG
2019-05-01 10:30:00,40.93,40.99,40.62,40.71,350736,NRG
2019-05-01 11:30:00,40.71,40.86,40.69,40.85,204140,NRG
2019-05-01 12:30:00,40.86,41.01,40.79,40.81,195929,NRG
2019-05-01 13:30:00,40.82,41.05,40.79,40.97,340056,NRG
2019-05-01 14:30:00,40.96,40.99,40.62,40.64,373306,NRG
2019-05-01 15:30:00,40.63,40.65,40.49,40.55,618071,NRG
2019-05-01 16:00:00,40.55,40.55,40.55,40.55,163873,NRG
2019-05-02 09:30:00,40.33,41.0,39.85,40.72,0,NRG
2019-05-02 10:30:00,40.72,40.73,40.07,40.22,351519,NRG
2019-05-02 11:30:00,40.23,40.3,39.98,40.06,518665,NRG
2019-05-02 12:30:00,40.06,40.12,39.76,39.99,345155,NRG
2019-05-02 13:30:00,39.99,40.06,39.62,39.67,324699,NRG
2019-05-02 14:30:00,39.67,40.1,39.66,39.7,588050,NRG
2019-05-02 15:30:00,39.7,39.79,39.51,39.59,634789,NRG
2019-05-02 16:00:00,39.57,40.46,39.57,39.98,0,NRG
2019-05-02 17:00:00,39.57,39.57,39.57,39.57,0,NRG
2019-05-03 09:30:00,39.49,40.0,38.86,39.64,740244,NRG
2019-05-03 10:30:00,39.65,39.79,39.37,39.78,485238,NRG
2019-05-03 11:30:00,39.79,39.87,39.44,39.6,393146,NRG
2019-05-03 12:30:00,39.6,39.72,39.3,39.41,244128,NRG
2019-05-03 13:30:00,39.41,39.49,39.35,39.4,290732,NRG
2019-05-03 14:30:00,39.4,39.47,39.31,39.32,311701,NRG
2019-05-03 15:30:00,39.31,39.52,39.23,39.42,714851,NRG
2019-05-03 16:00:00,39.44,39.5,39.44,39.44,0,NRG
2019-05-06 09:30:00,39.34,39.54,38.45,38.56,683303,NRG
2019-05-06 10:30:00,38.56,38.57,38.17,38.19,634175,NRG
2019-05-06 11:30:00,38.2,38.26,37.84,37.9,344147,NRG
2019-05-06 12:30:00,37.92,38.28,37.9,38.26,485018,NRG
2019-05-06 13:30:00,38.26,38.4,38.24,38.35,493750,NRG
2019-05-06 14:30:00,38.35,38.51,38.26,38.49,458809,NRG
2019-05-06 15:30:00,38.49,38.53,38.31,38.36,663301,NRG
2019-05-06 16:00:00,38.35,38.35,38.35,38.35,0,NRG
2019-05-06 18:00:00,38.6,38.6,38.6,38.6,0,NRG
2019-05-07 09:30:00,38.16,38.69,38.09,38.26,491406,NRG
2019-05-07 10:30:00,38.25,38.65,38.22,38.53,596698,NRG
2019-05-07 11:30:00,38.53,38.67,38.35,38.65,632342,NRG
2019-05-07 12:30:00,38.65,38.88,38.61,38.63,573194,NRG
2019-05-07 13:30:00,38.63,38.85,38.52,38.75,450185,NRG
2019-05-07 14:30:00,38.76,38.81,38.53,38.65,579536,NRG
2019-05-07 15:30:00,38.64,38.69,38.37,38.64,797086,NRG
2019-05-07 16:00:00,38.65,38.65,38.52,38.52,0,NRG
2019-05-07 17:00:00,38.65,38.65,38.65,38.65,0,NRG
2019-05-07 18:00:00,38.65,38.65,38.65,38.65,0,NRG
2019-05-08 09:30:00,38.52,38.54,37.23,37.23,1356360,NRG
2019-05-08 10:30:00,37.23,37.28,36.52,36.58,1790321,NRG
2019-05-08 11:30:00,36.58,36.75,36.19,36.33,1181540,NRG
2019-05-08 12:30:00,36.32,36.79,36.29,36.63,704774,NRG
2019-05-08 13:30:00,36.63,37.2,36.6,37.19,851725,NRG
2019-05-08 14:30:00,37.19,37.4,36.98,37.17,984014,NRG
2019-05-08 15:30:00,37.17,37.21,36.87,36.96,1080025,NRG
2019-05-08 16:00:00,36.96,37.02,36.96,36.96,0,NRG
2019-05-08 17:00:00,36.96,36.96,36.96,36.96,0,NRG
2019-05-08 18:00:00,36.96,36.96,36.96,36.96,0,NRG
2019-05-09 09:30:00,36.95,37.22,36.6,36.81,763799,NRG
2019-05-09 10:30:00,36.81,36.94,36.41,36.45,524420,NRG
2019-05-09 11:30:00,36.46,36.49,36.24,36.37,577723,NRG
2019-05-09 12:30:00,36.37,36.79,36.33,36.69,951327,NRG
2019-05-09 13:30:00,36.69,36.7,36.45,36.53,857725,NRG
2019-05-09 14:30:00,36.54,36.63,36.35,36.49,765469,NRG
2019-05-09 15:30:00,36.49,36.79,36.47,36.68,910200,NRG
2019-05-09 16:00:00,36.68,36.68,36.34,36.68,0,NRG
2019-05-10 09:30:00,36.65,36.83,36.2,36.75,443607,NRG
2019-05-10 10:30:00,36.74,36.9,36.56,36.82,572654,NRG
2019-05-10 11:30:00,36.81,37.24,36.77,37.21,524675,NRG
2019-05-10 12:30:00,37.21,37.28,37.0,37.02,440096,NRG
2019-05-10 13:30:00,37.02,37.19,36.94,37.04,513817,NRG
2019-05-10 14:30:00,37.05,37.4,36.99,37.35,526916,NRG
2019-05-10 15:30:00,37.35,37.38,37.22,37.32,734512,NRG
2019-05-10 16:00:00,37.31,37.31,37.31,37.31,350927,NRG
2019-05-13 09:30:00,37.05,37.36,36.79,36.9,0,NRG
2019-05-13 10:30:00,36.9,36.92,36.79,36.92,296010,NRG
2019-05-13 11:30:00,36.92,37.0,36.8,36.82,380748,NRG
2019-05-13 12:30:00,36.83,36.84,36.66,36.67,335654,NRG
2019-05-13 13:30:00,36.67,36.77,36.62,36.74,406715,NRG
2019-05-13 14:30:00,36.74,36.92,36.74,36.83,283941,NRG
2019-05-13 15:30:00,36.83,36.87,36.78,36.82,600571,NRG
2019-05-13 16:00:00,36.81,36.86,36.81,36.81,0,NRG
2019-05-13 17:00:00,36.81,36.81,36.81,36.81,0,NRG
2019-05-14 09:30:00,36.97,37.06,36.33,36.53,453592,NRG
2019-05-14 10:30:00,36.53,36.53,36.13,36.29,440568,NRG
2019-05-14 11:30:00,36.28,36.37,36.13,36.14,445539,NRG
2019-05-14 12:30:00,36.14,36.36,36.06,36.31,524861,NRG
2019-05-14 13:30:00,36.31,36.51,36.26,36.45,359822,NRG
2019-05-14 14:30:00,36.44,36.55,36.37,36.4,544024,NRG
2019-05-14 15:30:00,36.4,36.4,36.19,36.26,724674,NRG
2019-05-14 16:00:00,36.24,36.33,36.24,36.24,0,NRG
2019-05-15 09:30:00,36.05,36.18,35.89,36.1,330494,NRG
2019-05-15 10:30:00,36.09,36.15,35.87,36.02,351204,NRG
2019-05-15 11:30:00,36.03,36.16,36.0,36.04,309105,NRG
2019-05-15 12:30:00,36.04,36.09,35.62,35.63,351990,NRG
2019-05-15 13:30:00,35.63,36.06,35.59,36.06,582324,NRG
2019-05-15 14:30:00,36.06,36.19,35.99,36.04,408084,NRG
2019-05-15 15:30:00,36.04,36.09,35.94,36.01,732158,NRG
2019-05-15 16:00:00,35.99,35.99,35.99,35.99,0,NRG
2019-05-16 09:30:00,36.05,36.3,35.94,36.19,419953,NRG
2019-05-16 10:30:00,36.19,36.26,35.94,35.95,305006,NRG
2019-05-16 11:30:00,35.94,35.96,35.82,35.88,273081,NRG
2019-05-16 12:30:00,35.88,35.88,35.63,35.63,237851,NRG
2019-05-16 13:30:00,35.63,35.7,35.6,35.67,243882,NRG
2019-05-16 14:30:00,35.67,35.8,35.66,35.79,553286,NRG
2019-05-16 15:30:00,35.8,35.87,35.71,35.81,594160,NRG
2019-05-16 16:00:00,35.8,35.85,35.79,35.8,0,NRG
2019-05-17 09:30:00,35.5,35.87,35.43,35.68,435830,NRG
2019-05-17 10:30:00,35.68,35.82,35.56,35.76,252592,NRG
2019-05-17 11:30:00,35.76,35.77,35.64,35.65,218689,NRG
2019-05-17 12:30:00,35.65,35.75,35.63,35.66,204447,NRG
2019-05-17 13:30:00,35.66,35.73,35.6,35.73,254093,NRG
2019-05-17 14:30:00,35.73,35.77,35.59,35.71,372987,NRG
2019-05-17 15:30:00,35.7,35.7,35.56,35.6,479585,NRG
2019-05-17 16:00:00,35.58,35.66,35.58,35.58,0,NRG
2019-05-20 09:30:00,35.38,35.93,35.13,35.74,830253,NRG
2019-05-20 10:30:00,35.74,35.88,35.58,35.74,760793,NRG
2019-05-20 11:30:00,35.73,35.97,35.7,35.76,847311,NRG
2019-05-20 12:30:00,35.76,35.88,35.7,35.81,469269,NRG
2019-05-20 13:30:00,35.81,35.83,35.67,35.74,287324,NRG
2019-05-20 14:30:00,35.73,35.83,35.65,35.73,627991,NRG
2019-05-20 15:30:00,35.72,35.95,35.71,35.92,1023962,NRG
2019-05-20 16:00:00,35.91,35.91,35.91,35.91,0,NRG
2019-05-20 17:00:00,35.91,35.91,35.91,35.91,0,NRG
2019-05-21 09:00:00,36.9,36.9,36.9,36.9,0,NRG
2019-05-21 09:30:00,35.92,36.62,35.82,36.48,675069,NRG
2019-05-21 10:30:00,36.49,36.96,36.47,36.78,741208,NRG
2019-05-21 11:30:00,36.78,36.8,36.56,36.71,548133,NRG
2019-05-21 12:30:00,36.71,36.85,36.64,36.72,348852,NRG
2019-05-21 13:30:00,36.72,36.95,36.67,36.84,424881,NRG
2019-05-21 14:30:00,36.83,36.95,36.74,36.78,488494,NRG
2019-05-21 15:30:00,36.78,36.87,36.67,36.72,631619,NRG
2019-05-21 16:00:00,36.7,36.77,36.7,36.7,0,NRG
2019-05-21 17:00:00,36.75,36.75,36.7,36.7,0,NRG
2019-05-22 08:00:00,36.7,36.7,36.7,36.7,0,NRG
2019-05-22 09:30:00,36.52,36.8,36.51,36.58,521035,NRG
2019-05-22 10:30:00,36.57,36.64,36.33,36.55,531745,NRG
2019-05-22 11:30:00,36.56,36.65,36.49,36.56,308397,NRG
2019-05-22 12:30:00,36.56,36.56,36.48,36.53,200465,NRG
2019-05-22 13:30:00,36.53,36.58,36.38,36.4,249082,NRG
2019-05-22 14:30:00,36.41,36.61,36.4,36.54,396203,NRG
2019-05-22 15:30:00,36.54,36.56,36.45,36.5,527016,NRG
2019-05-22 16:00:00,36.49,36.53,36.49,36.5,0,NRG
2019-05-22 17:00:00,36.5,36.5,36.5,36.5,0,NRG
2019-05-23 09:30:00,36.21,36.29,35.89,35.94,366595,NRG
2019-05-23 10:30:00,35.94,36.02,35.5,35.61,785407,NRG
2019-05-23 11:30:00,35.61,35.67,35.55,35.66,377676,NRG
2019-05-23 12:30:00,35.67,35.67,35.52,35.58,332172,NRG
2019-05-23 13:30:00,35.56,35.82,35.5,35.74,386671,NRG
2019-05-23 14:30:00,35.74,35.78,35.53,35.67,308279,NRG
2019-05-23 15:30:00,35.67,35.69,35.44,35.54,867816,NRG
2019-05-23 16:00:00,35.53,35.65,35.53,35.53,0,NRG
2019-05-23 17:00:00,35.53,35.53,35.53,35.53,0,NRG
2019-05-24 09:30:00,35.61,36.05,35.46,35.97,377018,NRG
2019-05-24 10:30:00,35.97,36.01,35.69,35.74,280558,NRG
2019-05-24 11:30:00,35.73,35.76,35.56,35.68,261779,NRG
2019-05-24 12:30:00,35.67,35.75,35.6,35.75,209973,NRG
2019-05-24 13:30:00,35.75,35.76,35.65,35.65,253964,NRG
2019-05-24 14:30:00,35.65,35.7,35.53,35.7,273391,NRG
2019-05-24 15:30:00,35.7,35.71,35.5,35.5,584068,NRG
2019-05-24 16:00:00,35.53,35.69,35.53,35.53,0,NRG
2019-05-28 09:30:00,35.5,35.71,35.07,35.1,484198,NRG
2019-05-28 10:30:00,35.1,35.2,34.87,35.03,566868,NRG
2019-05-28 11:30:00,35.03,35.31,35.0,35.26,309632,NRG
2019-05-28 12:30:00,35.25,35.29,35.17,35.19,222420,NRG
2019-05-28 13:30:00,35.19,35.21,35.03,35.13,466918,NRG
2019-05-28 14:30:00,35.12,35.13,34.96,34.99,682049,NRG
2019-05-28 15:30:00,35.0,35.07,34.82,35.01,1186987,NRG
2019-05-28 16:00:00,35.02,35.11,35.02,35.11,0,NRG
2019-05-28 17:00:00,35.02,35.02,35.02,35.02,0,NRG
2019-05-28 18:00:00,35.02,35.02,35.02,35.02,0,NRG
2019-05-29 09:30:00,35.02,35.1,34.76,35.03,295159,NRG
2019-05-29 10:30:00,35.03,35.03,34.38,34.61,657042,NRG
2019-05-29 11:30:00,34.6,34.7,34.25,34.46,359128,NRG
2019-05-29 12:30:00,34.46,34.61,34.38,34.61,253116,NRG
2019-05-29 13:30:00,34.6,34.67,34.44,34.53,265218,NRG
2019-05-29 14:30:00,34.52,34.52,34.26,34.27,539508,NRG
2019-05-29 15:30:00,34.26,34.45,34.24,34.29,735511,NRG
2019-05-29 16:00:00,34.28,34.46,34.28,34.28,0,NRG
2019-05-29 17:00:00,34.28,34.28,34.28,34.28,0,NRG
2019-05-30 09:30:00,34.33,34.49,34.15,34.21,283552,NRG
2019-05-30 10:30:00,34.21,34.36,34.07,34.1,286135,NRG
2019-05-30 11:30:00,34.09,34.09,33.92,33.97,284997,NRG
2019-05-30 12:30:00,33.96,34.03,33.76,33.78,232314,NRG
2019-05-30 13:30:00,33.78,33.87,33.7,33.78,428070,NRG
2019-05-30 14:30:00,33.78,33.85,33.73,33.77,420171,NRG
2019-05-30 15:30:00,33.77,33.82,33.69,33.75,694368,NRG
2019-05-30 16:00:00,33.74,33.97,33.74,33.74,0,NRG
2019-05-30 17:00:00,33.8,33.8,33.8,33.8,0,NRG
2019-05-31 09:30:00,33.59,33.81,33.43,33.77,359691,NRG
2019-05-31 10:30:00,33.77,34.07,33.75,34.07,564810,NRG
2019-05-31 11:30:00,34.07,34.34,33.93,33.99,745408,NRG
2019-05-31 12:30:00,34.0,34.04,33.9,33.98,391358,NRG
2019-05-31 13:30:00,33.98,34.07,33.92,34.0,318301,NRG
2019-05-31 14:30:00,34.0,34.11,33.94,34.08,609704,NRG
2019-05-31 15:30:00,34.08,34.14,34.0,34.04,1011901,NRG
2019-05-31 16:00:00,34.04,34.05,34.01,34.04,0,NRG
2019-05-31 17:00:00,34.04,34.04,34.04,34.04,0,NRG
2019-06-03 09:30:00,34.15,34.38,33.94,34.22,406156,NRG
2019-06-03 10:30:00,34.22,34.34,34.12,34.28,486995,NRG
2019-06-03 11:30:00,34.28,34.36,34.18,34.22,449743,NRG
2019-06-03 12:30:00,34.21,34.44,34.2,34.37,313076,NRG
2019-06-03 13:30:00,34.38,34.55,34.27,34.47,373886,NRG
2019-06-03 14:30:00,34.48,34.48,34.31,34.38,564305,NRG
2019-06-03 15:30:00,34.38,34.38,34.19,34.26,606356,NRG
2019-06-03 16:00:00,34.28,34.28,34.28,34.28,469820,NRG
2019-06-04 09:30:00,34.47,34.6,34.1,34.24,0,NRG
2019-06-04 10:30:00,34.24,34.33,34.03,34.33,670958,NRG
2019-06-04 11:30:00,34.34,34.61,34.33,34.49,545133,NRG
2019-06-04 12:30:00,34.49,34.63,34.41,34.55,1273622,NRG
2019-06-04 13:30:00,34.55,34.68,34.44,34.67,321926,NRG
2019-06-04 14:30:00,34.67,34.73,34.55,34.65,400682,NRG
2019-06-04 15:30:00,34.65,34.94,34.63,34.88,665372,NRG
2019-06-04 16:00:00,34.88,34.88,34.88,34.88,227596,NRG
2019-06-05 09:30:00,35.12,35.15,34.82,34.92,0,NRG
2019-06-05 10:30:00,34.92,34.94,34.59,34.72,832926,NRG
2019-06-05 11:30:00,34.73,34.98,34.63,34.97,563238,NRG
2019-06-05 12:30:00,34.96,35.07,34.9,34.99,351211,NRG
2019-06-05 13:30:00,34.99,35.04,34.86,34.92,248793,NRG
2019-06-05 14:30:00,34.91,35.06,34.9,35.02,527523,NRG
2019-06-05 15:30:00,35.02,35.21,34.95,35.14,561149,NRG
2019-06-05 16:00:00,35.15,35.15,35.15,35.15,404250,NRG
2019-06-06 09:30:00,35.32,35.45,34.79,34.95,0,NRG
2019-06-06 10:30:00,34.94,35.07,34.76,34.94,848743,NRG
2019-06-06 11:30:00,34.94,35.1,34.88,35.06,266900,NRG
2019-06-06 12:30:00,35.06,35.28,35.01,35.27,189495,NRG
2019-06-06 13:30:00,35.26,35.33,35.21,35.29,236196,NRG
2019-06-06 14:30:00,35.29,35.44,35.29,35.4,336531,NRG
2019-06-06 15:30:00,35.4,35.43,35.26,35.28,590805,NRG
2019-06-06 16:00:00,35.28,35.28,35.28,35.28,261066,NRG
2019-06-07 09:30:00,35.29,35.55,34.96,34.98,0,NRG
2019-06-07 10:30:00,34.97,35.26,34.94,35.13,294117,NRG
2019-06-07 11:30:00,35.13,35.33,35.12,35.28,345655,NRG
2019-06-07 12:30:00,35.28,35.32,35.12,35.17,318020,NRG
2019-06-07 13:30:00,35.17,35.29,35.02,35.06,239993,NRG
2019-06-07 14:30:00,35.05,35.07,34.74,34.9,460875,NRG
2019-06-07 15:30:00,34.9,34.92,34.64,34.74,628695,NRG
2019-06-07 16:00:00,34.73,34.73,34.73,34.73,285820,NRG
2019-06-10 09:30:00,34.68,34.9,34.1,34.3,0,NRG
2019-06-10 10:30:00,34.3,34.52,34.3,34.36,301446,NRG
2019-06-10 11:30:00,34.35,34.48,34.29,34.31,267120,NRG
2019-06-10 12:30:00,34.31,34.35,34.13,34.21,244165,NRG
2019-06-10 13:30:00,34.21,34.25,34.09,34.1,294267,NRG
2019-06-10 14:30:00,34.1,34.3,34.02,34.26,654053,NRG
2019-06-10 15:30:00,34.26,34.31,34.14,34.2,517193,NRG
2019-06-10 16:00:00,34.2,34.2,34.2,34.2,176022,NRG
2019-06-11 09:30:00,34.19,34.78,34.19,34.46,0,NRG
2019-06-11 10:30:00,34.47,34.55,34.15,34.35,467075,NRG
2019-06-11 11:30:00,34.35,34.58,34.29,34.32,559039,NRG
2019-06-11 12:30:00,34.32,34.52,34.19,34.37,495031,NRG
2019-06-11 13:30:00,34.37,34.6,34.35,34.44,316953,NRG
2019-06-11 14:30:00,34.44,34.5,34.33,34.5,428736,NRG
2019-06-11 15:30:00,34.49,34.6,34.47,34.54,503977,NRG
2019-06-11 16:00:00,34.55,34.55,34.55,34.55,195805,NRG
2019-06-12 09:30:00,34.49,35.11,34.49,34.83,0,NRG
2019-06-12 10:30:00,34.83,34.97,34.62,34.63,278157,NRG
2019-06-12 11:30:00,34.63,34.78,34.53,34.53,285162,NRG
2019-06-12 12:30:00,34.53,34.6,34.5,34.56,154557,NRG
2019-06-12 13:30:00,34.57,34.58,34.38,34.38,196337,NRG
2019-06-12 14:30:00,34.4,34.46,34.36,34.44,291474,NRG
2019-06-12 15:30:00,34.44,34.53,34.43,34.5,851521,NRG
2019-06-12 16:00:00,34.5,34.5,34.5,34.5,154223,NRG
2019-06-13 09:30:00,34.57,34.94,34.56,34.73,0,NRG
2019-06-13 10:30:00,34.74,34.9,34.62,34.83,321790,NRG
2019-06-13 11:30:00,34.82,34.86,34.64,34.64,184910,NRG
2019-06-13 12:30:00,34.65,34.77,34.57,34.58,302311,NRG
2019-06-13 13:30:00,34.57,34.61,34.3,34.33,307065,NRG
2019-06-13 14:30:00,34.32,34.33,34.16,34.24,396439,NRG
2019-06-13 15:30:00,34.25,34.43,34.24,34.42,525487,NRG
2019-06-13 16:00:00,34.42,34.42,34.42,34.42,0,NRG
2019-06-14 09:30:00,34.44,34.69,34.22,34.43,345835,NRG
2019-06-14 10:30:00,34.44,34.7,34.38,34.65,330970,NRG
2019-06-14 11:30:00,34.65,34.69,34.55,34.62,216117,NRG
2019-06-14 12:30:00,34.62,34.65,34.43,34.48,243546,NRG
2019-06-14 13:30:00,34.48,34.63,34.47,34.57,310364,NRG
2019-06-14 14:30:00,34.56,34.86,34.53,34.86,444348,NRG
2019-06-14 15:30:00,34.86,34.88,34.76,34.78,543181,NRG
2019-06-14 16:00:00,34.78,34.78,34.78,34.78,237308,NRG
2019-06-17 09:30:00,34.79,34.87,34.55,34.73,0,NRG
2019-06-17 10:30:00,34.73,34.74,34.44,34.6,279421,NRG
2019-06-17 11:30:00,34.6,34.65,34.43,34.45,296626,NRG
2019-06-17 12:30:00,34.45,34.6,34.44,34.47,422746,NRG
2019-06-17 13:30:00,34.47,34.53,34.34,34.37,219599,NRG
2019-06-17 14:30:00,34.37,34.63,34.35,34.56,648448,NRG
2019-06-17 15:30:00,34.55,34.55,34.37,34.37,333018,NRG
2019-06-17 16:00:00,34.44,34.44,34.44,34.44,318107,NRG
2019-06-18 09:30:00,34.64,35.02,34.53,34.69,0,NRG
2019-06-18 10:30:00,34.69,34.81,34.49,34.54,609871,NRG
2019-06-18 11:30:00,34.55,34.67,34.46,34.61,481691,NRG
2019-06-18 12:30:00,34.62,34.67,34.54,34.6,254292,NRG
2019-06-18 13:30:00,34.6,34.63,34.43,34.47,262836,NRG
2019-06-18 14:30:00,34.47,34.51,34.27,34.42,421079,NRG
2019-06-18 15:30:00,34.42,34.65,34.42,34.65,503330,NRG
2019-06-18 16:00:00,34.65,34.65,34.65,34.65,366545,NRG
2019-06-19 09:30:00,34.65,34.66,34.41,34.47,0,NRG
2019-06-19 10:30:00,34.47,34.57,34.38,34.57,387052,NRG
2019-06-19 11:30:00,34.56,34.62,34.48,34.58,261708,NRG
2019-06-19 12:30:00,34.58,34.63,34.53,34.57,311330,NRG
2019-06-19 13:30:00,34.58,34.87,34.54,34.59,414910,NRG
2019-06-19 14:30:00,34.58,34.94,34.58,34.87,434701,NRG
2019-06-19 15:30:00,34.87,35.01,34.79,34.8,828570,NRG
2019-06-19 16:00:00,34.8,34.8,34.8,34.8,616848,NRG
2019-06-20 09:30:00,35.22,35.25,34.75,35.03,0,NRG
2019-06-20 10:30:00,35.04,35.06,34.78,34.92,382415,NRG
2019-06-20 11:30:00,34.92,34.92,34.76,34.77,292395,NRG
2019-06-20 12:30:00,34.76,34.99,34.75,34.98,320785,NRG
2019-06-20 13:30:00,34.99,35.13,34.89,34.9,211502,NRG
2019-06-20 14:30:00,34.89,35.06,34.89,35.01,326796,NRG
2019-06-20 15:30:00,35.01,35.11,34.99,35.02,612402,NRG
2019-06-20 16:00:00,35.06,35.06,35.04,35.04,542435,NRG
2019-06-21 09:30:00,35.06,35.15,34.88,35.03,0,NRG
2019-06-21 10:30:00,35.03,35.11,34.98,35.01,271193,NRG
2019-06-21 11:30:00,35.0,35.1,35.0,35.08,289688,NRG
2019-06-21 12:30:00,35.08,35.29,35.06,35.16,271881,NRG
2019-06-21 13:30:00,35.16,35.38,35.15,35.35,215241,NRG
2019-06-21 14:30:00,35.35,35.39,35.23,35.33,464623,NRG
2019-06-21 15:30:00,35.33,35.33,35.08,35.22,962519,NRG
2019-06-21 16:00:00,35.17,35.17,35.17,35.17,2541901,NRG
2019-06-24 08:00:00,36.0,36.0,36.0,36.0,0,NRG
2019-06-24 09:00:00,36.17,36.17,35.52,35.88,0,NRG
2019-06-24 09:30:00,35.66,35.92,35.23,35.24,730804,NRG
2019-06-24 10:30:00,35.24,35.37,35.18,35.31,502762,NRG
2019-06-24 11:30:00,35.33,35.35,35.15,35.19,539678,NRG
2019-06-24 12:30:00,35.19,35.22,35.01,35.1,357793,NRG
2019-06-24 13:30:00,35.1,35.22,35.01,35.12,399067,NRG
2019-06-24 14:30:00,35.12,35.16,35.04,35.12,318704,NRG
2019-06-24 15:30:00,35.11,35.25,35.1,35.19,490098,NRG
2019-06-24 16:00:00,35.18,35.68,35.18,35.18,0,NRG
2019-06-24 17:00:00,35.18,35.18,35.18,35.18,0,NRG
2019-06-25 08:00:00,35.5,36.0,35.5,36.0,0,NRG
2019-06-25 09:30:00,35.26,35.46,35.05,35.33,577152,NRG
2019-06-25 10:30:00,35.33,35.56,35.32,35.42,379609,NRG
2019-06-25 11:30:00,35.43,35.5,35.33,35.49,222540,NRG
2019-06-25 12:30:00,35.5,35.5,35.37,35.44,283228,NRG
2019-06-25 13:30:00,35.44,35.58,35.41,35.54,329706,NRG
2019-06-25 14:30:00,35.54,35.56,35.2,35.22,480830,NRG
2019-06-25 15:30:00,35.22,35.24,35.03,35.14,500281,NRG
2019-06-25 16:00:00,35.14,35.3,35.14,35.14,0,NRG
2019-06-25 17:00:00,35.14,35.14,35.14,35.14,0,NRG
2019-06-26 09:30:00,34.98,35.03,34.3,34.63,414523,NRG
2019-06-26 10:30:00,34.63,34.73,34.14,34.19,503594,NRG
2019-06-26 11:30:00,34.21,34.21,33.84,33.9,420506,NRG
2019-06-26 12:30:00,33.9,33.92,33.73,33.81,464262,NRG
2019-06-26 13:30:00,33.81,33.93,33.78,33.87,540323,NRG
2019-06-26 14:30:00,33.86,34.05,33.76,34.02,652784,NRG
2019-06-26 15:30:00,34.01,34.02,33.69,33.7,970156,NRG
2019-06-26 16:00:00,33.7,34.01,33.7,33.7,0,NRG
2019-06-27 09:30:00,33.74,33.98,33.19,33.21,510281,NRG
2019-06-27 10:30:00,33.21,33.51,33.01,33.4,1005309,NRG
2019-06-27 11:30:00,33.39,33.49,33.21,33.44,803937,NRG
2019-06-27 12:30:00,33.45,33.6,33.42,33.42,386608,NRG
2019-06-27 13:30:00,33.43,33.62,33.38,33.62,493797,NRG
2019-06-27 14:30:00,33.62,33.79,33.59,33.75,1028144,NRG
2019-06-27 15:30:00,33.74,34.03,33.7,34.03,1025925,NRG
2019-06-27 16:00:00,34.03,34.03,33.59,34.03,0,NRG
2019-06-28 09:30:00,34.04,34.71,33.89,34.65,373588,NRG
2019-06-28 10:30:00,34.66,34.81,34.58,34.7,420055,NRG
2019-06-28 11:30:00,34.7,34.78,34.63,34.74,261950,NRG
2019-06-28 12:30:00,34.74,34.88,34.71,34.85,384674,NRG
2019-06-28 13:30:00,34.85,34.95,34.79,34.83,277082,NRG
2019-06-28 14:30:00,34.84,34.91,34.83,34.88,422019,NRG
2019-06-28 15:30:00,34.88,35.11,34.83,35.11,0,NRG
2019-06-28 16:00:00,35.12,35.12,34.94,35.12,0,NRG
2019-06-28 18:00:00,9578000400.0,9578000400.0,9578000400.0,9578000400.0,0,NRG
2019-07-01 06:00:00,36.23,36.23,36.23,36.23,0,NRG
2019-07-01 08:00:00,36.7,36.7,36.7,36.7,0,NRG
2019-07-01 09:30:00,35.24,35.48,34.92,35.15,646807,NRG
2019-07-01 10:30:00,35.15,35.33,35.1,35.33,400010,NRG
2019-07-01 11:30:00,35.32,35.44,35.31,35.4,343352,NRG
2019-07-01 12:30:00,35.4,35.47,35.3,35.38,372576,NRG
2019-07-01 13:30:00,35.38,35.42,35.24,35.35,392331,NRG
2019-07-01 14:30:00,35.35,35.49,35.33,35.48,613810,NRG
2019-07-01 15:30:00,35.49,35.57,35.41,35.43,643742,NRG
2019-07-01 16:00:00,35.43,35.43,35.35,35.35,0,NRG
2019-07-02 09:30:00,35.45,35.62,34.81,34.96,535875,NRG
2019-07-02 10:30:00,34.96,35.17,34.85,35.15,417116,NRG
2019-07-02 11:30:00,35.15,35.26,35.07,35.18,217553,NRG
2019-07-02 12:30:00,35.19,35.35,35.15,35.32,233174,NRG
2019-07-02 13:30:00,35.33,35.39,35.21,35.26,255524,NRG
2019-07-02 14:30:00,35.26,35.33,35.17,35.31,311127,NRG
2019-07-02 15:30:00,35.32,35.35,35.16,35.24,428346,NRG
2019-07-02 16:00:00,35.24,35.24,35.16,35.24,0,NRG
2019-07-02 17:00:00,35.24,35.24,35.24,35.24,0,NRG
2019-07-03 09:30:00,35.37,35.83,35.34,35.75,579348,NRG
2019-07-03 10:30:00,35.76,35.94,35.68,35.85,245111,NRG
2019-07-03 11:30:00,35.85,36.03,35.84,35.97,382559,NRG
2019-07-03 13:00:00,35.97,36.06,35.73,35.81,0,NRG
2019-07-05 09:30:00,35.56,35.81,35.5,35.62,299006,NRG
2019-07-05 10:30:00,35.62,35.9,35.62,35.86,207775,NRG
2019-07-05 11:30:00,35.85,35.87,35.64,35.65,176217,NRG
2019-07-05 12:30:00,35.66,35.92,35.66,35.92,134967,NRG
2019-07-05 13:30:00,35.93,35.97,35.87,35.95,162748,NRG
2019-07-05 14:30:00,35.95,36.01,35.78,35.89,230562,NRG
2019-07-05 15:30:00,35.88,36.1,35.88,36.09,557713,NRG
2019-07-05 16:00:00,36.09,36.09,35.89,36.09,0,NRG
2019-07-08 09:30:00,36.01,36.27,35.86,36.16,304862,NRG
2019-07-08 10:30:00,36.16,36.27,36.03,36.04,228044,NRG
2019-07-08 11:30:00,36.04,36.1,35.92,35.98,263601,NRG
2019-07-08 12:30:00,35.97,36.01,35.63,35.65,526404,NRG
2019-07-08 13:30:00,35.65,35.67,35.43,35.51,460171,NRG
2019-07-08 14:30:00,35.51,35.64,35.47,35.62,411457,NRG
2019-07-08 15:30:00,35.62,35.72,35.62,35.68,546536,NRG
2019-07-08 16:00:00,35.71,35.76,35.71,35.76,0,NRG
2019-07-08 17:00:00,35.71,35.71,35.71,35.71,0,NRG
2019-07-08 18:00:00,35.71,35.71,35.71,35.71,0,NRG
2019-07-09 09:30:00,35.62,35.92,35.4,35.46,348792,NRG
2019-07-09 10:30:00,35.46,35.49,35.24,35.32,420991,NRG
2019-07-09 11:30:00,35.31,35.62,35.26,35.6,299268,NRG
2019-07-09 12:30:00,35.59,35.64,35.46,35.48,223350,NRG
2019-07-09 13:30:00,35.48,35.55,35.42,35.44,151294,NRG
2019-07-09 14:30:00,35.44,35.57,35.42,35.54,240349,NRG
2019-07-09 15:30:00,35.55,35.62,35.53,35.58,463493,NRG
2019-07-09 16:00:00,35.59,35.59,35.51,35.59,0,NRG
2019-07-09 17:00:00,35.59,35.59,35.59,35.59,0,NRG
2019-07-09 18:00:00,35.59,35.59,35.59,35.59,0,NRG
2019-07-10 09:30:00,35.92,36.02,35.65,35.94,658649,NRG
2019-07-10 10:30:00,35.95,36.08,35.77,35.84,414378,NRG
2019-07-10 11:30:00,35.85,35.88,35.75,35.87,266413,NRG
2019-07-10 12:30:00,35.86,36.02,35.85,35.99,237185,NRG
2019-07-10 13:30:00,35.98,36.11,35.94,35.96,147295,NRG
2019-07-10 14:30:00,35.95,36.01,35.9,35.91,215005,NRG
2019-07-10 15:30:00,35.9,36.01,35.88,35.97,348117,NRG
2019-07-10 16:00:00,35.96,35.96,35.93,35.96,0,NRG
2019-07-10 19:00:00,35.96,35.96,35.96,35.96,0,NRG
2019-07-11 09:30:00,35.88,35.96,35.66,35.96,310328,NRG
2019-07-11 10:30:00,35.97,36.0,35.79,35.99,232186,NRG
2019-07-11 11:30:00,36.0,36.08,35.99,35.99,155859,NRG
2019-07-11 12:30:00,35.99,36.01,35.69,35.76,203609,NRG
2019-07-11 13:30:00,35.76,35.76,35.66,35.68,173045,NRG
2019-07-11 14:30:00,35.69,35.86,35.68,35.84,220378,NRG
2019-07-11 15:30:00,35.84,36.0,35.84,35.99,382804,NRG
2019-07-11 16:00:00,35.99,35.99,35.88,35.88,0,NRG
2019-07-12 09:30:00,36.02,36.1,35.79,36.09,216102,NRG
2019-07-12 10:30:00,36.1,36.16,35.91,36.07,228603,NRG
2019-07-12 11:30:00,36.07,36.07,35.97,36.0,168531,NRG
2019-07-12 12:30:00,35.99,36.03,35.95,35.98,134775,NRG
2019-07-12 13:30:00,35.99,36.03,35.93,36.02,167187,NRG
2019-07-12 14:30:00,36.02,36.12,35.99,36.07,221695,NRG
2019-07-12 15:30:00,36.07,36.08,35.89,35.98,431154,NRG
2019-07-12 16:00:00,35.99,36.0,35.99,36.0,0,NRG
2019-07-12 17:00:00,35.99,35.99,35.99,35.99,0,NRG
2019-07-15 09:30:00,35.92,36.24,35.83,35.97,424124,NRG
2019-07-15 10:30:00,35.96,36.01,35.74,35.76,356439,NRG
2019-07-15 11:30:00,35.77,35.82,35.67,35.71,252530,NRG
2019-07-15 12:30:00,35.72,35.72,35.58,35.65,148475,NRG
2019-07-15 13:30:00,35.65,35.69,35.6,35.65,162207,NRG
2019-07-15 14:30:00,35.65,35.73,35.63,35.64,260739,NRG
2019-07-15 15:30:00,35.64,35.67,35.52,35.64,465319,NRG
2019-07-15 16:00:00,35.64,35.76,35.64,35.64,0,NRG
2019-07-16 09:30:00,35.4,35.62,35.31,35.5,425650,NRG
2019-07-16 10:30:00,35.5,35.61,35.25,35.38,336063,NRG
2019-07-16 11:30:00,35.38,35.39,34.97,34.98,236461,NRG
2019-07-16 12:30:00,34.98,35.01,34.66,34.71,563905,NRG
2019-07-16 13:30:00,34.7,34.7,34.32,34.33,589968,NRG
2019-07-16 14:30:00,34.32,34.46,34.25,34.25,545754,NRG
2019-07-16 15:30:00,34.25,34.26,33.92,34.12,1568440,NRG
2019-07-16 16:00:00,34.09,34.47,34.09,34.14,0,NRG
2019-07-16 17:00:00,34.09,34.1,34.09,34.1,0,NRG
2019-07-17 09:30:00,34.05,34.69,34.05,34.41,2449752,NRG
2019-07-17 10:30:00,34.39,34.4,34.15,34.24,1069441,NRG
2019-07-17 11:30:00,34.24,34.76,34.15,34.72,603729,NRG
2019-07-17 12:30:00,34.72,34.94,34.71,34.92,369943,NRG
2019-07-17 13:30:00,34.93,35.03,34.81,34.85,283202,NRG
2019-07-17 14:30:00,34.86,34.99,34.83,34.85,383307,NRG
2019-07-17 15:30:00,34.85,34.96,34.76,34.8,715764,NRG
2019-07-17 16:00:00,34.8,34.8,34.79,34.8,0,NRG
2019-07-17 18:00:00,34.8,34.8,34.8,34.8,0,NRG
2019-07-18 09:30:00,34.73,34.82,34.42,34.58,315824,NRG
2019-07-18 10:30:00,34.58,34.65,34.47,34.49,359742,NRG
2019-07-18 11:30:00,34.49,34.64,34.36,34.63,222774,NRG
2019-07-18 12:30:00,34.64,34.84,34.61,34.81,270525,NRG
2019-07-18 13:30:00,34.82,34.97,34.76,34.94,249358,NRG
2019-07-18 14:30:00,34.95,34.99,34.9,34.96,265598,NRG
2019-07-18 15:30:00,34.96,35.1,34.93,35.09,376602,NRG
2019-07-18 16:00:00,35.1,35.1,34.35,34.35,0,NRG
2019-07-19 09:30:00,35.05,35.38,34.82,35.03,247278,NRG
2019-07-19 10:30:00,35.03,35.31,35.03,35.05,1239070,NRG
2019-07-19 11:30:00,35.05,35.22,35.05,35.22,374950,NRG
2019-07-19 12:30:00,35.22,35.24,35.15,35.19,237308,NRG
2019-07-19 13:30:00,35.19,35.36,35.18,35.32,291806,NRG
2019-07-19 14:30:00,35.32,35.55,35.26,35.39,545446,NRG
2019-07-19 15:30:00,35.39,35.47,35.13,35.14,661921,NRG
2019-07-19 16:00:00,35.14,35.22,35.14,35.15,0,NRG
2019-07-19 17:00:00,35.14,35.14,35.14,35.14,0,NRG
2019-07-22 09:30:00,35.16,35.23,34.49,34.7,285637,NRG
2019-07-22 10:30:00,34.7,34.89,34.65,34.77,211929,NRG
2019-07-22 11:30:00,34.76,34.94,34.74,34.87,202290,NRG
2019-07-22 12:30:00,34.87,34.98,34.8,34.85,158333,NRG
2019-07-22 13:30:00,34.86,35.03,34.86,34.98,140600,NRG
2019-07-22 14:30:00,34.98,35.1,34.97,35.03,386207,NRG
2019-07-22 15:30:00,35.03,35.07,34.91,34.94,489455,NRG
2019-07-22 16:00:00,34.94,34.94,34.9,34.9,0,NRG
2019-07-23 09:30:00,35.0,35.01,34.5,34.57,228816,NRG
2019-07-23 10:30:00,34.56,34.59,34.28,34.45,357812,NRG
2019-07-23 11:30:00,34.46,34.53,34.34,34.44,268959,NRG
2019-07-23 12:30:00,34.44,34.54,34.42,34.48,197829,NRG
2019-07-23 13:30:00,34.49,34.69,34.46,34.61,232425,NRG
2019-07-23 14:30:00,34.61,34.72,34.59,34.62,262321,NRG
2019-07-23 15:30:00,34.62,34.65,34.49,34.49,499712,NRG
2019-07-23 16:00:00,34.49,34.53,34.49,34.53,0,NRG
2019-07-23 17:00:00,34.5,34.5,34.5,34.5,0,NRG
2019-07-24 09:00:00,34.49,34.49,34.49,34.49,0,NRG
2019-07-24 09:30:00,34.53,34.86,34.53,34.73,298396,NRG
2019-07-24 10:30:00,34.73,34.79,34.53,34.56,239273,NRG
2019-07-24 11:30:00,34.56,34.69,34.53,34.68,241858,NRG
2019-07-24 12:30:00,34.68,35.06,34.68,34.93,204461,NRG
2019-07-24 13:30:00,34.94,34.99,34.82,34.98,250802,NRG
2019-07-24 14:30:00,34.99,35.0,34.84,34.91,202563,NRG
2019-07-24 15:30:00,34.92,34.92,34.76,34.77,415121,NRG
2019-07-24 16:00:00,34.76,34.79,34.76,34.76,0,NRG
2019-07-25 09:30:00,34.54,34.84,34.54,34.84,240951,NRG
2019-07-25 10:30:00,34.84,34.89,34.6,34.66,153248,NRG
2019-07-25 11:30:00,34.65,34.69,34.5,34.65,147953,NRG
2019-07-25 12:30:00,34.64,34.67,34.49,34.66,124748,NRG
2019-07-25 13:30:00,34.66,34.83,34.65,34.83,114615,NRG
2019-07-25 14:30:00,34.83,35.18,34.81,35.15,456879,NRG
2019-07-25 15:30:00,35.15,35.16,34.81,34.88,467395,NRG
2019-07-25 16:00:00,34.87,34.87,34.83,34.87,0,NRG
2019-07-26 09:30:00,34.98,35.12,34.77,34.81,171342,NRG
2019-07-26 10:30:00,34.82,34.87,34.71,34.73,185081,NRG
2019-07-26 11:30:00,34.72,34.74,34.53,34.56,191808,NRG
2019-07-26 12:30:00,34.56,34.62,34.4,34.4,190694,NRG
2019-07-26 13:30:00,34.4,34.55,34.33,34.42,291508,NRG
2019-07-26 14:30:00,34.42,34.53,34.39,34.45,246757,NRG
2019-07-26 15:30:00,34.45,34.51,34.42,34.46,495470,NRG
2019-07-26 16:00:00,34.46,34.54,34.46,34.46,0,NRG
2019-07-29 09:30:00,34.45,34.52,34.28,34.3,203767,NRG
2019-07-29 10:30:00,34.29,34.33,34.15,34.19,182309,NRG
2019-07-29 11:30:00,34.19,34.24,34.11,34.17,173337,NRG
2019-07-29 12:30:00,34.16,34.3,34.12,34.27,181825,NRG
2019-07-29 13:30:00,34.28,34.47,34.28,34.44,189673,NRG
2019-07-29 14:30:00,34.44,34.5,34.41,34.49,287782,NRG
2019-07-29 15:30:00,34.49,34.51,34.46,34.49,457526,NRG
2019-07-29 16:00:00,34.49,34.49,34.39,34.39,0,NRG
2019-07-30 09:30:00,34.3,34.74,34.3,34.74,186884,NRG
2019-07-30 10:30:00,34.74,34.8,34.52,34.78,221474,NRG
2019-07-30 11:30:00,34.78,34.78,34.52,34.58,240543,NRG
2019-07-30 12:30:00,34.59,34.61,34.45,34.47,160384,NRG
2019-07-30 13:30:00,34.46,34.67,34.45,34.65,206611,NRG
2019-07-30 14:30:00,34.65,34.81,34.61,34.72,305508,NRG
2019-07-30 15:30:00,34.72,34.78,34.71,34.77,549228,NRG
2019-07-30 16:00:00,34.79,34.79,34.68,34.79,0,NRG
2019-07-31 09:30:00,34.75,34.76,34.25,34.31,412126,NRG
2019-07-31 10:30:00,34.31,34.63,34.27,34.62,261267,NRG
2019-07-31 11:30:00,34.62,34.71,34.52,34.67,295171,NRG
2019-07-31 12:30:00,34.67,34.76,34.63,34.74,363644,NRG
2019-07-31 13:30:00,34.74,34.75,34.52,34.73,345525,NRG
2019-07-31 14:30:00,34.73,34.74,34.02,34.33,511398,NRG
2019-07-31 15:30:00,34.32,34.35,34.13,34.14,775440,NRG
2019-07-31 16:00:00,34.14,34.14,34.14,34.14,0,NRG
2019-07-31 17:00:00,34.14,34.14,34.14,34.14,0,NRG
2019-08-01 09:30:00,34.11,34.94,34.1,34.94,494819,NRG
2019-08-01 10:30:00,34.94,34.98,34.73,34.76,780390,NRG
2019-08-01 11:30:00,34.76,34.8,34.65,34.71,273215,NRG
2019-08-01 12:30:00,34.71,34.96,34.63,34.63,447834,NRG
2019-08-01 13:30:00,34.64,34.76,34.28,34.45,632499,NRG
2019-08-01 14:30:00,34.45,34.45,34.24,34.42,623942,NRG
2019-08-01 15:30:00,34.42,34.42,34.22,34.33,822541,NRG
2019-08-01 16:00:00,34.32,34.56,34.32,34.56,0,NRG
2019-08-01 17:00:00,34.32,34.32,34.32,34.32,0,NRG
2019-08-02 09:30:00,34.43,35.0,34.32,34.92,492734,NRG
2019-08-02 10:30:00,34.92,34.92,34.59,34.8,334146,NRG
2019-08-02 11:30:00,34.81,34.94,34.76,34.91,263566,NRG
2019-08-02 12:30:00,34.92,34.92,34.65,34.67,290165,NRG
2019-08-02 13:30:00,34.67,34.71,34.53,34.6,212099,NRG
2019-08-02 14:30:00,34.6,34.74,34.57,34.72,300339,NRG
2019-08-02 15:30:00,34.72,34.86,34.67,34.74,538163,NRG
2019-08-02 16:00:00,34.74,34.74,34.74,34.74,0,NRG
2019-08-05 09:30:00,34.67,34.67,33.95,33.97,404143,NRG
2019-08-05 10:30:00,33.97,34.31,33.85,34.28,296424,NRG
2019-08-05 11:30:00,34.28,34.37,34.09,34.12,221227,NRG
2019-08-05 12:30:00,34.12,34.22,34.01,34.03,163390,NRG
2019-08-05 13:30:00,34.02,34.1,33.85,33.88,286230,NRG
2019-08-05 14:30:00,33.89,33.89,33.52,33.72,384947,NRG
2019-08-05 15:30:00,33.71,33.83,33.65,33.74,600609,NRG
2019-08-05 16:00:00,33.72,33.88,33.72,33.88,0,NRG
2019-08-05 17:00:00,33.72,33.72,33.72,33.72,0,NRG
2019-08-05 18:00:00,33.72,33.72,33.72,33.72,0,NRG
2019-08-06 09:30:00,33.72,33.75,33.17,33.41,510349,NRG
2019-08-06 10:30:00,33.42,33.74,33.35,33.42,460833,NRG
2019-08-06 11:30:00,33.41,33.47,33.16,33.47,285101,NRG
2019-08-06 12:30:00,33.47,33.67,33.37,33.6,243245,NRG
2019-08-06 13:30:00,33.6,33.88,33.56,33.83,292500,NRG
2019-08-06 14:30:00,33.83,33.95,33.74,33.93,405343,NRG
2019-08-06 15:30:00,33.92,34.04,33.81,33.94,723211,NRG
2019-08-06 16:00:00,33.93,33.93,33.42,33.68,0,NRG
2019-08-06 19:00:00,33.93,33.93,33.93,33.93,0,NRG
2019-08-07 09:30:00,33.98,34.75,32.63,33.61,962824,NRG
2019-08-07 10:30:00,33.58,34.09,33.49,33.61,488522,NRG
2019-08-07 11:30:00,33.62,33.78,33.32,33.36,490393,NRG
2019-08-07 12:30:00,33.36,33.7,33.33,33.46,402716,NRG
2019-08-07 13:30:00,33.45,33.58,33.24,33.4,355035,NRG
2019-08-07 14:30:00,33.4,33.58,33.3,33.49,595098,NRG
2019-08-07 15:30:00,33.49,33.62,33.21,33.3,1174919,NRG
2019-08-07 16:00:00,33.3,33.43,33.3,33.3,0,NRG
2019-08-08 09:30:00,33.43,34.54,33.33,34.43,999514,NRG
2019-08-08 10:30:00,34.42,34.91,34.37,34.58,482300,NRG
2019-08-08 11:30:00,34.59,34.94,34.56,34.86,603168,NRG
2019-08-08 12:30:00,34.86,34.91,34.67,34.9,337913,NRG
2019-08-08 13:30:00,34.89,35.09,34.86,35.04,383306,NRG
2019-08-08 14:30:00,35.06,35.13,34.95,35.02,695388,NRG
2019-08-08 15:30:00,35.02,35.13,34.97,35.12,905211,NRG
2019-08-08 16:00:00,35.12,35.12,34.76,35.12,0,NRG
2019-08-09 09:30:00,35.14,35.14,34.22,34.22,402675,NRG
2019-08-09 10:30:00,34.22,34.36,34.03,34.06,347082,NRG
2019-08-09 11:30:00,34.06,34.28,33.94,34.24,256355,NRG
2019-08-09 12:30:00,34.25,34.48,34.22,34.41,222819,NRG
2019-08-09 13:30:00,34.41,34.47,34.3,34.39,232646,NRG
2019-08-09 14:30:00,34.38,34.49,34.28,34.29,335387,NRG
2019-08-09 15:30:00,34.29,34.79,34.16,34.17,978697,NRG
2019-08-09 16:00:00,34.15,34.3,34.15,34.3,0,NRG
2019-08-09 17:00:00,34.2,34.2,34.15,34.15,0,NRG
2019-08-12 09:30:00,34.04,34.45,33.62,33.87,291384,NRG
2019-08-12 10:30:00,33.86,34.04,33.83,33.86,356621,NRG
2019-08-12 11:30:00,33.86,33.88,33.72,33.86,278172,NRG
2019-08-12 12:30:00,33.86,33.98,33.85,33.85,278589,NRG
2019-08-12 13:30:00,33.85,33.85,33.57,33.77,272627,NRG
2019-08-12 14:30:00,33.76,33.81,33.65,33.72,295888,NRG
2019-08-12 17:00:00,33.79,33.79,33.78,33.79,2483,NRG
2019-08-12 18:00:00,33.78,33.94,33.78,33.79,1222,NRG
2019-08-12 19:00:00,33.78,33.98,33.74,33.94,21292,NRG
2019-08-13 09:30:00,34.01,34.35,33.77,34.31,0,NRG
2019-08-13 10:30:00,34.31,34.35,34.04,34.1,232072,NRG
2019-08-13 11:30:00,34.09,34.29,34.06,34.28,196589,NRG
2019-08-13 12:30:00,34.28,34.39,34.26,34.27,192497,NRG
2019-08-13 13:30:00,34.27,34.41,34.2,34.39,154802,NRG
2019-08-13 14:30:00,34.39,34.56,34.35,34.56,315887,NRG
2019-08-13 15:30:00,34.55,34.61,34.49,34.6,668489,NRG
2019-08-13 16:00:00,34.59,34.59,34.4,34.59,0,NRG
2019-08-14 09:30:00,34.3,34.42,33.92,34.15,215549,NRG
2019-08-14 10:30:00,34.14,34.43,34.09,34.3,265657,NRG
2019-08-14 11:30:00,34.29,34.34,34.1,34.13,148753,NRG
2019-08-14 12:30:00,34.14,34.17,33.88,34.04,191299,NRG
2019-08-14 13:30:00,34.04,34.15,34.01,34.06,168016,NRG
2019-08-14 14:30:00,34.06,34.17,33.9,33.93,286194,NRG
2019-08-14 15:30:00,33.93,34.06,33.9,33.97,483319,NRG
2019-08-14 16:00:00,33.98,33.98,33.98,33.98,0,NRG
2019-08-14 17:00:00,33.98,33.98,33.98,33.98,0,NRG
2019-08-14 18:00:00,33.98,33.98,33.98,33.98,0,NRG
2019-08-15 09:30:00,33.97,34.44,33.87,34.29,371986,NRG
2019-08-15 10:30:00,34.29,34.53,34.2,34.26,315272,NRG
2019-08-15 11:30:00,34.26,34.4,34.24,34.32,176400,NRG
2019-08-15 12:30:00,34.32,34.37,34.26,34.37,151134,NRG
2019-08-15 13:30:00,34.36,34.4,34.13,34.3,246312,NRG
2019-08-15 14:30:00,34.31,34.39,34.15,34.26,268946,NRG
2019-08-15 15:30:00,34.26,34.38,34.24,34.32,494986,NRG
2019-08-15 16:00:00,34.32,34.32,34.3,34.32,0,NRG
2019-08-15 18:00:00,34.32,34.32,34.32,34.32,0,NRG
2019-08-16 09:30:00,34.46,35.08,34.45,35.03,347401,NRG
2019-08-16 10:30:00,35.04,35.37,35.0,35.35,356890,NRG
2019-08-16 11:30:00,35.35,35.47,35.25,35.4,352823,NRG
2019-08-16 12:30:00,35.4,35.52,35.35,35.44,197380,NRG
2019-08-16 13:30:00,35.43,35.53,35.36,35.53,235143,NRG
2019-08-16 14:30:00,35.52,35.58,35.42,35.57,438472,NRG
2019-08-16 15:30:00,35.58,35.58,35.38,35.49,739187,NRG
2019-08-16 16:00:00,35.47,35.48,34.32,35.34,0,NRG
2019-08-16 17:00:00,35.47,35.47,35.47,35.47,0,NRG
2019-08-16 18:00:00,35.47,35.47,35.47,35.47,0,NRG
2019-08-19 09:30:00,35.71,35.74,35.12,35.27,738893,NRG
2019-08-19 10:30:00,35.26,35.4,35.19,35.22,333961,NRG
2019-08-19 11:30:00,35.22,35.5,35.18,35.48,305981,NRG
2019-08-19 12:30:00,35.46,35.63,35.44,35.62,263239,NRG
2019-08-19 13:30:00,35.62,35.64,35.36,35.4,285080,NRG
2019-08-19 14:30:00,35.4,35.45,35.35,35.44,357355,NRG
2019-08-19 15:30:00,35.43,35.56,35.39,35.46,658544,NRG
2019-08-19 16:00:00,35.46,35.46,35.41,35.41,0,NRG
2019-08-20 09:00:00,35.42,35.42,35.42,35.42,0,NRG
2019-08-20 09:30:00,35.34,35.34,34.93,35.22,242633,NRG
2019-08-20 10:30:00,35.22,35.31,35.12,35.24,251937,NRG
2019-08-20 11:30:00,35.24,35.27,35.15,35.21,243332,NRG
2019-08-20 12:30:00,35.2,35.28,35.12,35.28,249660,NRG
2019-08-20 13:30:00,35.28,35.28,35.13,35.18,187449,NRG
2019-08-20 14:30:00,35.17,35.31,35.16,35.31,259012,NRG
2019-08-20 15:30:00,35.31,35.35,35.26,35.32,368897,NRG
2019-08-20 16:00:00,35.3,35.3,35.3,35.3,0,NRG
2019-08-21 09:30:00,35.38,35.64,35.28,35.47,272053,NRG
2019-08-21 10:30:00,35.46,35.65,35.43,35.52,267079,NRG
2019-08-21 11:30:00,35.51,35.59,35.45,35.56,171685,NRG
2019-08-21 12:30:00,35.56,35.76,35.55,35.72,157617,NRG
2019-08-21 13:30:00,35.72,35.79,35.64,35.76,214953,NRG
2019-08-21 14:30:00,35.76,35.76,35.59,35.72,241209,NRG
2019-08-21 15:30:00,35.71,35.82,35.7,35.78,490419,NRG
2019-08-21 16:00:00,35.78,35.78,35.47,35.78,0,NRG
2019-08-22 09:30:00,35.91,35.96,35.71,35.94,212901,NRG
2019-08-22 10:30:00,35.94,35.94,35.69,35.71,230912,NRG
2019-08-22 11:30:00,35.71,36.06,35.71,35.99,271081,NRG
2019-08-22 12:30:00,35.99,36.08,35.92,35.99,208182,NRG
2019-08-22 13:30:00,35.99,36.06,35.92,35.94,190885,NRG
2019-08-22 14:30:00,35.94,35.95,35.82,35.91,321668,NRG
2019-08-22 15:30:00,35.92,35.92,35.8,35.86,445604,NRG
2019-08-22 16:00:00,35.85,35.85,35.85,35.85,0,NRG
2019-08-23 09:00:00,35.85,35.85,35.85,35.85,0,NRG
2019-08-23 09:30:00,35.82,35.82,35.5,35.59,211836,NRG
2019-08-23 10:30:00,35.59,35.83,35.25,35.39,254725,NRG
2019-08-23 11:30:00,35.39,35.41,35.14,35.22,219466,NRG
2019-08-23 12:30:00,35.22,35.3,35.12,35.17,175325,NRG
2019-08-23 13:30:00,35.15,35.28,35.15,35.17,199470,NRG
2019-08-23 14:30:00,35.18,35.2,35.0,35.03,294627,NRG
2019-08-23 15:30:00,35.02,35.04,34.83,35.02,663684,NRG
2019-08-23 16:00:00,35.02,35.09,35.02,35.02,0,NRG
2019-08-23 17:00:00,35.02,35.02,35.02,35.02,0,NRG
2019-08-26 09:30:00,35.26,35.49,35.12,35.41,230898,NRG
2019-08-26 10:30:00,35.4,35.61,35.34,35.59,170250,NRG
2019-08-26 11:30:00,35.59,35.62,35.43,35.53,154837,NRG
2019-08-26 12:30:00,35.53,35.62,35.47,35.49,124510,NRG
2019-08-26 13:30:00,35.49,35.58,35.41,35.47,239275,NRG
2019-08-26 14:30:00,35.47,35.55,35.41,35.48,254841,NRG
2019-08-26 15:30:00,35.49,35.68,35.48,35.68,525330,NRG
2019-08-26 16:00:00,35.66,35.66,35.66,35.66,0,NRG
2019-08-27 09:30:00,35.82,36.16,35.65,35.88,247433,NRG
2019-08-27 10:30:00,35.89,35.89,35.5,35.53,187739,NRG
2019-08-27 11:30:00,35.53,35.62,35.45,35.56,157177,NRG
2019-08-27 12:30:00,35.56,35.63,35.51,35.63,185640,NRG
2019-08-27 13:30:00,35.63,35.74,35.52,35.53,164523,NRG
2019-08-27 14:30:00,35.52,35.65,35.49,35.54,298060,NRG
2019-08-27 15:30:00,35.54,35.54,35.33,35.36,646561,NRG
2019-08-27 16:00:00,35.37,35.37,35.37,35.37,0,NRG
2019-08-28 09:30:00,35.23,35.53,35.23,35.39,146160,NRG
2019-08-28 10:30:00,35.39,35.57,35.38,35.57,164846,NRG
2019-08-28 11:30:00,35.56,35.58,35.42,35.42,122940,NRG
2019-08-28 12:30:00,35.43,35.61,35.42,35.53,104925,NRG
2019-08-28 13:30:00,35.54,35.54,35.46,35.47,109199,NRG
2019-08-28 14:30:00,35.47,35.48,35.32,35.39,222629,NRG
2019-08-28 15:30:00,35.39,35.39,35.3,35.35,313366,NRG
2019-08-28 16:00:00,35.35,35.35,35.35,35.35,0,NRG
2019-08-28 18:00:00,35.35,35.35,35.35,35.35,0,NRG
2019-08-29 09:30:00,35.59,35.81,35.52,35.69,192825,NRG
2019-08-29 10:30:00,35.69,35.73,35.47,35.68,165894,NRG
2019-08-29 11:30:00,35.68,35.74,35.62,35.68,126375,NRG
2019-08-29 12:30:00,35.69,35.74,35.62,35.66,117645,NRG
2019-08-29 13:30:00,35.67,35.77,35.63,35.75,109481,NRG
2019-08-29 14:30:00,35.75,35.8,35.66,35.66,175377,NRG
2019-08-29 15:30:00,35.66,35.69,35.59,35.67,378966,NRG
2019-08-29 16:00:00,35.66,35.67,35.66,35.66,0,NRG
2019-08-30 09:30:00,35.83,36.22,35.73,36.05,182762,NRG
2019-08-30 10:30:00,36.06,36.23,36.04,36.06,164897,NRG
2019-08-30 11:30:00,36.06,36.36,36.04,36.28,178428,NRG
2019-08-30 12:30:00,36.28,36.35,36.22,36.3,154833,NRG
2019-08-30 13:30:00,36.31,36.42,36.27,36.38,163593,NRG
2019-08-30 14:30:00,36.38,36.48,36.35,36.44,227859,NRG
2019-08-30 15:30:00,36.43,36.53,36.38,36.4,493330,NRG
2019-08-30 16:00:00,36.4,36.4,36.33,36.4,0,NRG
2019-08-30 17:00:00,36.4,36.4,36.4,36.4,0,NRG
2019-09-03 09:30:00,36.26,36.47,36.14,36.19,228576,NRG
2019-09-03 10:30:00,36.18,36.54,36.15,36.52,275174,NRG
2019-09-03 11:30:00,36.53,36.66,36.4,36.63,228785,NRG
2019-09-03 12:30:00,36.62,36.7,36.57,36.64,192992,NRG
2019-09-03 13:30:00,36.65,36.66,36.43,36.47,204284,NRG
2019-09-03 14:30:00,36.46,36.76,36.46,36.72,315979,NRG
2019-09-03 15:30:00,36.72,36.84,36.69,36.78,666904,NRG
2019-09-03 16:00:00,36.77,36.8,36.6,36.6,0,NRG
2019-09-03 17:00:00,36.8,36.8,36.8,36.8,0,NRG
2019-09-04 09:30:00,37.11,37.24,36.87,36.9,185140,NRG
2019-09-04 10:30:00,36.91,37.08,36.82,37.04,165972,NRG
2019-09-04 11:30:00,37.03,37.11,36.96,37.06,119352,NRG
2019-09-04 12:30:00,37.06,37.12,37.03,37.08,222386,NRG
2019-09-04 13:30:00,37.08,37.18,36.97,37.17,313321,NRG
2019-09-04 14:30:00,37.17,37.24,36.98,36.98,357657,NRG
2019-09-04 15:30:00,37.0,37.28,37.0,37.2,545297,NRG
2019-09-04 16:00:00,37.21,37.21,37.11,37.11,0,NRG
2019-09-04 17:00:00,36.97,37.21,36.97,37.21,0,NRG
2019-09-05 09:30:00,37.16,37.48,37.0,37.41,308786,NRG
2019-09-05 10:30:00,37.42,37.75,37.39,37.74,326543,NRG
2019-09-05 11:30:00,37.75,37.88,37.74,37.82,247904,NRG
2019-09-05 12:30:00,37.82,37.84,37.6,37.73,195525,NRG
2019-09-05 13:30:00,37.72,37.82,37.66,37.76,159157,NRG
2019-09-05 14:30:00,37.76,37.79,37.63,37.67,334798,NRG
2019-09-05 15:30:00,37.67,37.74,37.56,37.61,781705,NRG
2019-09-05 16:00:00,37.6,38.24,37.6,37.6,0,NRG
2019-09-05 17:00:00,37.6,37.6,37.6,37.6,0,NRG
2019-09-06 09:00:00,37.9,37.9,37.9,37.9,0,NRG
2019-09-06 09:30:00,38.07,38.53,37.8,38.11,361048,NRG
2019-09-06 10:30:00,38.13,38.16,37.96,37.97,154180,NRG
2019-09-06 11:30:00,37.98,38.22,37.96,38.17,161535,NRG
2019-09-06 12:30:00,38.17,38.17,37.96,38.06,186568,NRG
2019-09-06 13:30:00,38.06,38.11,37.96,37.97,169130,NRG
2019-09-06 14:30:00,37.98,38.04,37.83,37.85,285913,NRG
2019-09-06 15:30:00,37.85,37.87,37.66,37.74,656386,NRG
2019-09-06 16:00:00,37.74,37.94,37.74,37.74,0,NRG
2019-09-09 09:30:00,37.88,38.06,37.61,37.68,265090,NRG
2019-09-09 10:30:00,37.68,37.83,37.6,37.68,230064,NRG
2019-09-09 11:30:00,37.66,37.8,37.65,37.69,153140,NRG
2019-09-09 12:30:00,37.68,37.77,37.63,37.72,125864,NRG
2019-09-09 13:30:00,37.71,37.74,37.57,37.59,139478,NRG
2019-09-09 14:30:00,37.58,37.95,37.57,37.9,261103,NRG
2019-09-09 15:30:00,37.9,37.92,37.81,37.85,373413,NRG
2019-09-09 16:00:00,37.84,37.84,37.84,37.84,0,NRG
2019-09-09 17:00:00,37.84,37.84,37.84,37.84,0,NRG
2019-09-10 09:30:00,37.79,38.07,37.78,37.95,199883,NRG
2019-09-10 10:30:00,37.94,38.24,37.91,37.94,219352,NRG
2019-09-10 11:30:00,37.94,38.13,37.9,38.12,164247,NRG
2019-09-10 12:30:00,38.11,38.12,37.93,37.95,163317,NRG
2019-09-10 13:30:00,37.96,37.98,37.69,37.7,158240,NRG
2019-09-10 14:30:00,37.71,37.87,37.71,37.79,255429,NRG
2019-09-10 15:30:00,37.79,37.99,37.75,37.99,601498,NRG
2019-09-10 16:00:00,37.99,37.99,37.99,37.99,0,NRG
2019-09-10 17:00:00,37.99,37.99,37.99,37.99,0,NRG
2019-09-11 08:00:00,38.58,38.58,38.58,38.58,0,NRG
2019-09-11 09:30:00,38.1,38.57,37.82,38.52,140621,NRG
2019-09-11 10:30:00,38.52,38.74,38.4,38.56,196625,NRG
2019-09-11 11:30:00,38.58,38.93,38.58,38.89,246872,NRG
2019-09-11 12:30:00,38.88,38.92,38.79,38.81,196481,NRG
2019-09-11 13:30:00,38.81,38.83,38.61,38.62,162178,NRG
2019-09-11 14:30:00,38.62,38.7,38.53,38.6,241915,NRG
2019-09-11 15:30:00,38.6,38.65,38.57,38.62,542676,NRG
2019-09-11 16:00:00,38.61,38.65,38.61,38.61,0,NRG
2019-09-11 17:00:00,38.61,38.61,38.61,38.61,0,NRG
2019-09-11 18:00:00,38.61,38.61,38.61,38.61,0,NRG
2019-09-12 09:30:00,38.52,38.76,38.38,38.56,274007,NRG
2019-09-12 10:30:00,38.58,38.58,38.35,38.44,378477,NRG
2019-09-12 11:30:00,38.44,38.51,38.26,38.37,277952,NRG
2019-09-12 12:30:00,38.37,38.46,38.32,38.4,213533,NRG
2019-09-12 13:30:00,38.42,38.64,38.35,38.51,334085,NRG
2019-09-12 14:30:00,38.51,38.52,38.31,38.35,212702,NRG
2019-09-12 15:30:00,38.34,38.48,38.28,38.3,387590,NRG
2019-09-12 16:00:00,38.29,38.43,38.29,38.43,0,NRG
2019-09-12 19:00:00,38.25,38.25,38.25,38.25,0,NRG
2019-09-13 09:30:00,38.14,38.71,37.73,38.52,517317,NRG
2019-09-13 10:30:00,38.53,38.55,38.22,38.48,319347,NRG
2019-09-13 11:30:00,38.49,38.53,38.31,38.32,238071,NRG
2019-09-13 12:30:00,38.33,38.53,38.32,38.48,192389,NRG
2019-09-13 13:30:00,38.49,38.63,38.44,38.5,288605,NRG
2019-09-13 14:30:00,38.49,38.6,38.45,38.46,405963,NRG
2019-09-13 15:30:00,38.46,38.55,38.43,38.5,570555,NRG
2019-09-13 16:00:00,38.5,38.5,38.5,38.5,0,NRG
2019-09-16 08:00:00,38.95,38.95,38.9,38.9,0,NRG
2019-09-16 09:30:00,38.53,38.65,38.35,38.61,268371,NRG
2019-09-16 10:30:00,38.61,38.87,38.56,38.82,223287,NRG
2019-09-16 11:30:00,38.83,38.88,38.61,38.7,283937,NRG
2019-09-16 12:30:00,38.7,38.83,38.69,38.79,163232,NRG
2019-09-16 13:30:00,38.79,38.8,38.69,38.78,184734,NRG
2019-09-16 14:30:00,38.77,38.84,38.71,38.83,359072,NRG
2019-09-16 15:30:00,38.83,39.04,38.83,39.02,613573,NRG
2019-09-16 16:00:00,39.03,39.03,38.81,38.81,0,NRG
2019-09-17 08:00:00,39.03,39.03,39.03,39.03,0,NRG
2019-09-17 09:30:00,38.8,39.13,38.8,39.01,367525,NRG
2019-09-17 10:30:00,39.01,39.33,39.01,39.26,318194,NRG
2019-09-17 11:30:00,39.25,39.37,39.23,39.26,241926,NRG
2019-09-17 12:30:00,39.26,39.35,39.14,39.16,225525,NRG
2019-09-17 13:30:00,39.15,39.31,39.08,39.17,253650,NRG
2019-09-17 14:30:00,39.17,39.2,39.03,39.06,337067,NRG
2019-09-17 15:30:00,39.06,39.11,38.98,39.03,719282,NRG
2019-09-17 16:00:00,39.03,39.12,39.03,39.03,0,NRG
2019-09-18 09:30:00,39.08,39.13,38.57,38.94,255522,NRG
2019-09-18 10:30:00,38.94,38.96,38.78,38.85,377641,NRG
2019-09-18 11:30:00,38.85,38.96,38.85,38.92,260650,NRG
2019-09-18 12:30:00,38.93,39.07,38.87,38.97,286071,NRG
2019-09-18 13:30:00,38.98,39.06,38.65,38.76,271546,NRG
2019-09-18 14:30:00,38.77,38.94,38.64,38.92,404357,NRG
2019-09-18 15:30:00,38.92,39.02,38.9,38.95,500677,NRG
2019-09-18 16:00:00,38.95,38.95,38.9,38.95,0,NRG
2019-09-19 09:30:00,39.07,39.17,38.83,38.97,137582,NRG
2019-09-19 10:30:00,38.97,39.11,38.88,38.99,275164,NRG
2019-09-19 11:30:00,38.99,39.12,38.88,39.01,142260,NRG
2019-09-19 12:30:00,39.0,39.08,38.99,38.99,120779,NRG
2019-09-19 13:30:00,38.99,39.06,38.94,38.99,146058,NRG
2019-09-19 14:30:00,38.99,39.01,38.79,38.79,266736,NRG
2019-09-19 15:30:00,38.79,38.86,38.7,38.79,490364,NRG
2019-09-19 16:00:00,38.8,38.89,38.8,38.8,0,NRG
2019-09-20 09:30:00,39.02,39.26,38.72,38.9,760620,NRG
2019-09-20 10:30:00,38.9,39.03,38.79,38.99,247708,NRG
2019-09-20 11:30:00,39.0,39.06,38.96,39.0,176722,NRG
2019-09-20 12:30:00,38.99,39.04,38.77,38.89,190663,NRG
2019-09-20 13:30:00,38.88,38.92,38.81,38.89,216464,NRG
2019-09-20 14:30:00,38.89,39.12,38.88,39.08,248161,NRG
2019-09-20 15:30:00,39.08,39.2,39.0,39.09,793131,NRG
2019-09-20 16:00:00,39.07,39.08,39.07,39.07,0,NRG
2019-09-20 17:00:00,39.07,39.07,39.07,39.07,0,NRG
2019-09-23 09:00:00,39.07,39.07,39.07,39.07,0,NRG
2019-09-23 09:30:00,38.99,39.62,38.85,39.28,345155,NRG
2019-09-23 10:30:00,39.29,39.54,39.23,39.4,291751,NRG
2019-09-23 11:30:00,39.4,39.47,39.22,39.47,284477,NRG
2019-09-23 12:30:00,39.47,39.54,39.42,39.44,199972,NRG
2019-09-23 13:30:00,39.45,39.45,39.34,39.34,123893,NRG
2019-09-23 14:30:00,39.35,39.49,39.35,39.42,223632,NRG
2019-09-23 15:30:00,39.42,39.47,39.28,39.28,417201,NRG
2019-09-23 16:00:00,39.28,39.36,39.28,39.28,0,NRG
2019-09-24 09:30:00,39.48,39.85,39.31,39.71,249232,NRG
2019-09-24 10:30:00,39.71,39.85,39.67,39.71,186229,NRG
2019-09-24 11:30:00,39.71,39.74,39.49,39.51,181186,NRG
2019-09-24 12:30:00,39.53,39.55,39.37,39.38,157490,NRG
2019-09-24 13:30:00,39.38,39.67,39.38,39.58,262627,NRG
2019-09-24 14:30:00,39.58,39.6,39.34,39.36,296435,NRG
2019-09-24 15:30:00,39.36,39.44,39.29,39.33,793962,NRG
2019-09-24 16:00:00,39.33,39.33,39.33,39.33,0,NRG
2019-09-24 17:00:00,39.33,39.33,39.33,39.33,0,NRG
2019-09-25 09:30:00,39.24,39.58,39.24,39.38,404970,NRG
2019-09-25 10:30:00,39.38,39.69,39.24,39.62,540464,NRG
2019-09-25 11:30:00,39.62,39.65,39.51,39.58,258383,NRG
2019-09-25 12:30:00,39.58,39.69,39.55,39.58,250438,NRG
2019-09-25 13:30:00,39.58,39.77,39.51,39.74,212043,NRG
2019-09-25 14:30:00,39.74,39.83,39.73,39.79,262407,NRG
2019-09-25 15:30:00,39.79,39.81,39.73,39.77,401371,NRG
2019-09-25 16:00:00,39.76,39.76,39.57,39.57,0,NRG
2019-09-25 17:00:00,39.76,39.76,39.76,39.76,0,NRG
2019-09-26 09:30:00,39.94,40.02,39.76,39.85,280816,NRG
2019-09-26 10:30:00,39.85,39.91,39.54,39.58,309731,NRG
2019-09-26 11:30:00,39.58,39.63,39.44,39.54,196600,NRG
2019-09-26 12:30:00,39.54,39.59,39.46,39.49,171562,NRG
2019-09-26 13:30:00,39.49,39.73,39.49,39.72,271534,NRG
2019-09-26 14:30:00,39.72,39.74,39.54,39.58,230392,NRG
2019-09-26 15:30:00,39.58,39.64,39.46,39.51,572408,NRG
2019-09-26 16:00:00,39.5,39.5,39.5,39.5,0,NRG
2019-09-27 09:30:00,39.54,39.74,39.46,39.68,155248,NRG
2019-09-27 10:30:00,39.67,39.83,39.61,39.73,177315,NRG
2019-09-27 11:30:00,39.73,39.75,39.56,39.6,106004,NRG
2019-09-27 12:30:00,39.6,39.62,39.38,39.46,144822,NRG
2019-09-27 13:30:00,39.46,39.46,39.27,39.29,87800,NRG
2019-09-27 14:30:00,39.29,39.33,39.17,39.26,137485,NRG
2019-09-27 15:30:00,39.26,39.46,39.24,39.45,382782,NRG
2019-09-27 16:00:00,39.44,39.47,39.44,39.44,0,NRG
2019-09-30 09:30:00,39.44,39.68,39.31,39.47,175805,NRG
2019-09-30 10:30:00,39.47,39.67,39.42,39.62,209668,NRG
2019-09-30 11:30:00,39.63,39.79,39.62,39.73,138058,NRG
2019-09-30 12:30:00,39.73,39.73,39.61,39.61,107376,NRG
2019-09-30 13:30:00,39.62,39.67,39.54,39.56,140182,NRG
2019-09-30 14:30:00,39.56,39.6,39.52,39.56,161458,NRG
2019-09-30 15:30:00,39.56,39.69,39.52,39.59,380077,NRG
2019-09-30 16:00:00,39.6,39.6,39.33,39.6,0,NRG
2019-10-01 09:30:00,39.33,39.62,39.1,39.22,234018,NRG
2019-10-01 10:30:00,39.21,39.33,39.17,39.33,279216,NRG
2019-10-01 11:30:00,39.33,39.35,39.1,39.21,142012,NRG
2019-10-01 12:30:00,39.21,39.22,39.11,39.13,110507,NRG
2019-10-01 13:30:00,39.13,39.26,39.03,39.21,177388,NRG
2019-10-01 14:30:00,39.21,39.33,39.21,39.33,188432,NRG
2019-10-01 15:30:00,39.33,39.33,39.13,39.14,441554,NRG
2019-10-01 16:00:00,39.14,39.22,39.14,39.22,0,NRG
2019-10-01 17:00:00,39.43,39.43,39.43,39.43,0,NRG
2019-10-01 19:00:00,39.0,39.0,39.0,39.0,0,NRG
2019-10-02 09:30:00,38.93,39.0,38.32,38.37,348204,NRG
2019-10-02 10:30:00,38.36,38.51,38.22,38.49,485225,NRG
2019-10-02 11:30:00,38.49,38.58,38.31,38.35,256607,NRG
2019-10-02 12:30:00,38.35,38.51,38.26,38.49,284032,NRG
2019-10-02 13:30:00,38.5,38.5,38.36,38.43,216341,NRG
2019-10-02 14:30:00,38.42,38.54,38.33,38.33,424422,NRG
2019-10-02 15:30:00,38.33,38.44,38.2,38.22,784000,NRG
2019-10-02 16:00:00,38.21,38.37,38.21,38.21,0,NRG
2019-10-03 09:30:00,38.19,38.24,37.8,38.12,177695,NRG
2019-10-03 10:30:00,38.12,38.48,38.06,38.35,210325,NRG
2019-10-03 11:30:00,38.35,38.43,38.14,38.27,172679,NRG
2019-10-03 12:30:00,38.28,38.35,38.24,38.33,132761,NRG
2019-10-03 13:30:00,38.33,38.58,38.3,38.58,184896,NRG
2019-10-03 14:30:00,38.58,38.58,38.36,38.45,219566,NRG
2019-10-03 15:30:00,38.46,38.67,38.45,38.66,566446,NRG
2019-10-03 16:00:00,38.66,38.66,38.44,38.66,0,NRG
2019-10-03 18:00:00,38.66,38.66,38.66,38.66,0,NRG
2019-10-04 09:30:00,38.76,38.93,38.55,38.77,150181,NRG
2019-10-04 10:30:00,38.79,38.97,38.63,38.96,137629,NRG
2019-10-04 11:30:00,38.96,39.08,38.89,39.08,129105,NRG
2019-10-04 12:30:00,39.08,39.11,39.03,39.1,125305,NRG
2019-10-04 13:30:00,39.09,39.16,38.99,39.01,176422,NRG
2019-10-04 14:30:00,39.02,39.1,39.01,39.03,263992,NRG
2019-10-04 15:30:00,39.03,39.19,39.03,39.16,494049,NRG
2019-10-04 16:00:00,39.16,39.16,39.04,39.16,0,NRG
2019-10-07 09:30:00,39.01,39.1,38.83,39.03,114526,NRG
2019-10-07 10:30:00,39.02,39.17,38.99,39.06,113482,NRG
2019-10-07 11:30:00,39.07,39.21,39.05,39.12,149468,NRG
2019-10-07 12:30:00,39.12,39.13,38.96,39.02,137080,NRG
2019-10-07 13:30:00,39.02,39.13,38.97,38.99,164018,NRG
2019-10-07 14:30:00,38.99,39.01,38.92,39.0,164302,NRG
2019-10-07 15:30:00,39.01,39.02,38.91,38.93,382205,NRG
2019-10-07 16:00:00,38.92,39.0,38.92,38.92,0,NRG
2019-10-08 09:30:00,38.83,39.05,38.66,39.05,198959,NRG
2019-10-08 10:30:00,39.04,39.27,38.97,39.13,162527,NRG
2019-10-08 11:30:00,39.13,39.25,39.09,39.22,224351,NRG
2019-10-08 12:30:00,39.22,39.42,39.19,39.42,154533,NRG
2019-10-08 13:30:00,39.41,39.46,39.17,39.17,278855,NRG
2019-10-08 14:30:00,39.18,39.43,39.1,39.25,499295,NRG
2019-10-08 15:30:00,39.25,39.35,39.0,39.02,596689,NRG
2019-10-08 16:00:00,39.0,39.15,39.0,39.0,0,NRG
2019-10-09 09:30:00,39.1,39.31,38.52,38.56,318296,NRG
2019-10-09 10:30:00,38.55,38.78,38.49,38.6,280497,NRG
2019-10-09 11:30:00,38.6,38.6,38.42,38.45,152569,NRG
2019-10-09 12:30:00,38.46,38.75,38.46,38.71,135585,NRG
2019-10-09 13:30:00,38.71,38.88,38.7,38.87,153918,NRG
2019-10-09 14:30:00,38.88,39.03,38.87,39.01,203308,NRG
2019-10-09 15:30:00,39.01,39.13,38.75,38.76,627760,NRG
2019-10-09 16:00:00,38.76,38.76,38.76,38.76,0,NRG
2019-10-09 18:00:00,38.76,38.76,38.76,38.76,0,NRG
2019-10-10 09:30:00,38.7,38.89,38.5,38.81,149241,NRG
2019-10-10 10:30:00,38.81,38.93,38.8,38.8,125246,NRG
2019-10-10 11:30:00,38.81,38.94,38.73,38.94,116912,NRG
2019-10-10 12:30:00,38.94,38.96,38.81,38.82,142431,NRG
2019-10-10 13:30:00,38.82,38.91,38.74,38.83,134380,NRG
2019-10-10 14:30:00,38.83,38.84,38.74,38.82,161524,NRG
2019-10-10 15:30:00,38.81,38.85,38.68,38.8,544893,NRG
2019-10-10 16:00:00,38.8,38.8,38.79,38.8,0,NRG
2019-10-11 09:30:00,39.06,39.65,38.98,39.5,231765,NRG
2019-10-11 10:30:00,39.51,39.56,39.38,39.46,159281,NRG
2019-10-11 11:30:00,39.47,39.53,39.34,39.49,165489,NRG
2019-10-11 12:30:00,39.49,39.57,39.32,39.48,155713,NRG
2019-10-11 13:30:00,39.48,39.56,39.41,39.49,89002,NRG
2019-10-11 14:30:00,39.49,39.55,39.42,39.45,194677,NRG
2019-10-11 15:30:00,39.45,39.49,39.15,39.16,489734,NRG
2019-10-11 16:00:00,39.18,39.18,39.18,39.18,0,NRG
2019-10-14 09:30:00,39.3,39.52,39.03,39.32,204852,NRG
2019-10-14 10:30:00,39.33,39.41,39.21,39.33,147504,NRG
2019-10-14 11:30:00,39.33,39.39,39.25,39.29,163526,NRG
2019-10-14 12:30:00,39.29,39.32,39.12,39.19,134400,NRG
2019-10-14 13:30:00,39.2,39.38,39.18,39.33,121071,NRG
2019-10-14 14:30:00,39.32,39.33,39.22,39.24,176199,NRG
2019-10-14 15:30:00,39.24,39.24,39.08,39.11,412903,NRG
2019-10-14 16:00:00,39.12,39.12,39.12,39.12,0,NRG
2019-10-15 09:30:00,39.15,39.55,39.11,39.47,119051,NRG
2019-10-15 10:30:00,39.46,39.58,39.39,39.53,172356,NRG
2019-10-15 11:30:00,39.52,39.59,39.47,39.58,181053,NRG
2019-10-15 12:30:00,39.58,39.69,39.57,39.63,109939,NRG
2019-10-15 13:30:00,39.64,39.66,39.57,39.58,84765,NRG
2019-10-15 14:30:00,39.58,39.6,39.46,39.49,113507,NRG
2019-10-15 15:30:00,39.48,39.49,39.36,39.38,266503,NRG
2019-10-15 16:00:00,39.38,39.48,39.38,39.38,0,NRG
2019-10-16 09:30:00,39.38,39.62,39.24,39.51,220584,NRG
2019-10-16 10:30:00,39.5,39.64,39.44,39.5,323198,NRG
2019-10-16 11:30:00,39.49,39.54,39.4,39.54,89868,NRG
2019-10-16 12:30:00,39.54,39.54,39.44,39.47,96816,NRG
2019-10-16 13:30:00,39.47,39.53,39.34,39.38,139858,NRG
2019-10-16 14:30:00,39.37,39.42,39.24,39.38,233292,NRG
2019-10-16 15:30:00,39.37,39.54,39.33,39.52,489965,NRG
2019-10-16 16:00:00,39.52,39.52,39.48,39.52,0,NRG
2019-10-17 09:30:00,39.62,39.87,39.52,39.82,164026,NRG
2019-10-17 10:30:00,39.83,39.89,39.66,39.71,148773,NRG
2019-10-17 11:30:00,39.71,39.71,39.56,39.6,85492,NRG
2019-10-17 12:30:00,39.61,39.69,39.58,39.63,132040,NRG
2019-10-17 13:30:00,39.63,39.83,39.63,39.8,130409,NRG
2019-10-17 14:30:00,39.8,39.9,39.8,39.85,211414,NRG
2019-10-17 15:30:00,39.86,39.86,39.74,39.74,367881,NRG
2019-10-17 16:00:00,39.75,39.76,39.75,39.75,0,NRG
2019-10-18 08:00:00,39.77,39.77,39.77,39.77,0,NRG
2019-10-18 09:30:00,39.62,40.07,39.5,40.03,495718,NRG
2019-10-18 10:30:00,40.03,40.22,39.99,40.2,357845,NRG
2019-10-18 11:30:00,40.2,40.21,39.98,40.09,198990,NRG
2019-10-18 12:30:00,40.1,40.15,40.05,40.06,303751,NRG
2019-10-18 13:30:00,40.06,40.17,40.01,40.05,335545,NRG
2019-10-18 14:30:00,40.06,40.09,40.0,40.03,343450,NRG
2019-10-18 15:30:00,40.04,40.22,40.03,40.14,560636,NRG
2019-10-18 16:00:00,40.15,40.15,40.07,40.15,0,NRG
2019-10-21 09:30:00,40.29,40.45,40.17,40.28,118933,NRG
2019-10-21 10:30:00,40.29,40.41,40.12,40.13,222700,NRG
2019-10-21 11:30:00,40.13,40.19,40.06,40.1,133116,NRG
2019-10-21 12:30:00,40.1,40.25,40.09,40.24,171815,NRG
2019-10-21 13:30:00,40.24,40.33,40.16,40.31,153747,NRG
2019-10-21 14:30:00,40.31,40.33,40.2,40.21,134001,NRG
2019-10-21 15:30:00,40.21,40.36,40.17,40.35,297465,NRG
2019-10-21 16:00:00,40.35,40.35,40.24,40.35,0,NRG
2019-10-22 09:30:00,40.51,40.59,40.28,40.49,175076,NRG
2019-10-22 10:30:00,40.49,40.62,40.35,40.6,245850,NRG
2019-10-22 11:30:00,40.59,40.74,40.5,40.72,319853,NRG
2019-10-22 12:30:00,40.72,40.81,40.63,40.77,184519,NRG
2019-10-22 13:30:00,40.77,40.83,40.69,40.74,200226,NRG
2019-10-22 14:30:00,40.75,40.76,40.58,40.67,361761,NRG
2019-10-22 15:30:00,40.67,40.76,40.66,40.75,485976,NRG
2019-10-22 16:00:00,40.75,40.75,40.65,40.75,0,NRG
2019-10-22 17:00:00,40.55,40.55,40.55,40.55,0,NRG
2019-10-22 18:00:00,40.75,40.75,40.75,40.75,0,NRG
2019-10-23 09:30:00,40.65,40.82,40.41,40.78,124910,NRG
2019-10-23 10:30:00,40.78,40.87,40.64,40.79,130396,NRG
2019-10-23 11:30:00,40.79,40.85,40.64,40.64,89179,NRG
2019-10-23 12:30:00,40.66,40.68,40.5,40.56,161276,NRG
2019-10-23 13:30:00,40.56,40.57,40.46,40.46,149178,NRG
2019-10-23 14:30:00,40.46,40.6,40.45,40.53,175170,NRG
2019-10-23 15:30:00,40.52,40.63,40.52,40.61,349028,NRG
2019-10-23 16:00:00,40.61,40.62,40.61,40.62,0,NRG
2019-10-24 09:00:00,40.62,40.62,40.62,40.62,0,NRG
2019-10-24 09:30:00,40.72,40.87,40.57,40.71,161757,NRG
2019-10-24 10:30:00,40.7,40.71,40.54,40.57,107506,NRG
2019-10-24 11:30:00,40.58,40.63,40.49,40.63,118496,NRG
2019-10-24 12:30:00,40.62,40.63,40.56,40.6,146790,NRG
2019-10-24 13:30:00,40.6,40.73,40.56,40.67,240537,NRG
2019-10-24 14:30:00,40.66,40.76,40.66,40.72,264377,NRG
2019-10-24 15:30:00,40.72,40.85,40.69,40.84,456218,NRG
2019-10-24 16:00:00,40.84,40.84,40.62,40.62,0,NRG
2019-10-25 09:30:00,40.56,40.83,40.53,40.63,251741,NRG
2019-10-25 10:30:00,40.63,40.69,40.4,40.45,204812,NRG
2019-10-25 11:30:00,40.46,40.64,40.42,40.47,311570,NRG
2019-10-25 12:30:00,40.47,40.76,40.47,40.72,139785,NRG
2019-10-25 13:30:00,40.73,40.81,40.66,40.77,127853,NRG
2019-10-25 14:30:00,40.77,40.91,40.75,40.9,163244,NRG
2019-10-25 15:30:00,40.89,40.92,40.8,40.81,354129,NRG
2019-10-25 16:00:00,40.81,40.81,40.69,40.69,0,NRG
2019-10-28 09:30:00,40.92,41.19,40.6,40.67,454130,NRG
2019-10-28 10:30:00,40.67,40.76,40.53,40.56,194360,NRG
2019-10-28 11:30:00,40.55,40.7,40.48,40.69,155008,NRG
2019-10-28 12:30:00,40.68,40.84,40.64,40.83,143865,NRG
2019-10-28 13:30:00,40.84,40.84,40.56,40.6,174176,NRG
2019-10-28 14:30:00,40.6,40.6,40.44,40.51,211111,NRG
2019-10-28 15:30:00,40.49,40.51,40.36,40.38,432130,NRG
2019-10-28 16:00:00,40.38,40.62,40.38,40.62,0,NRG
2019-10-29 09:30:00,40.26,40.4,40.17,40.34,179821,NRG
2019-10-29 10:30:00,40.33,40.52,40.28,40.52,183432,NRG
2019-10-29 11:30:00,40.51,40.6,40.48,40.56,130745,NRG
2019-10-29 12:30:00,40.56,40.65,40.48,40.54,154203,NRG
2019-10-29 13:30:00,40.54,40.57,40.41,40.44,159912,NRG
2019-10-29 14:30:00,40.44,40.58,40.43,40.55,257418,NRG
2019-10-29 15:30:00,40.55,40.69,40.5,40.5,441628,NRG
2019-10-29 16:00:00,40.51,40.51,40.49,40.51,0,NRG
2019-10-30 09:30:00,40.62,40.66,40.35,40.65,148399,NRG
2019-10-30 10:30:00,40.65,40.85,40.62,40.66,115074,NRG
2019-10-30 11:30:00,40.66,40.66,40.49,40.49,113296,NRG
2019-10-30 12:30:00,40.49,40.55,40.47,40.51,81259,NRG
2019-10-30 13:30:00,40.51,40.58,40.47,40.52,105564,NRG
2019-10-30 14:30:00,40.51,40.81,40.43,40.75,154080,NRG
2019-10-30 15:30:00,40.74,40.77,40.67,40.75,304777,NRG
2019-10-30 16:00:00,40.75,40.75,40.64,40.75,0,NRG
2019-10-30 18:00:00,40.75,40.75,40.75,40.75,0,NRG
2019-10-30 19:00:00,40.75,40.75,40.75,40.75,0,NRG
2019-10-31 09:30:00,40.71,40.98,40.44,40.55,222287,NRG
2019-10-31 10:30:00,40.56,40.56,40.21,40.32,243060,NRG
2019-10-31 11:30:00,40.33,40.35,40.14,40.17,147842,NRG
2019-10-31 12:30:00,40.17,40.31,40.15,40.26,94158,NRG
2019-10-31 13:30:00,40.26,40.32,40.16,40.16,123667,NRG
2019-10-31 14:30:00,40.17,40.27,40.17,40.19,149074,NRG
2019-10-31 15:30:00,40.19,40.25,40.03,40.13,524102,NRG
2019-10-31 16:00:00,40.12,40.4,40.12,40.22,0,NRG
2019-11-01 09:30:00,40.3,40.82,40.25,40.57,382729,NRG
2019-11-01 10:30:00,40.58,40.61,40.46,40.6,218567,NRG
2019-11-01 11:30:00,40.6,40.65,40.44,40.61,176996,NRG
2019-11-01 12:30:00,40.62,40.74,40.59,40.7,232669,NRG
2019-11-01 13:30:00,40.7,40.75,40.56,40.56,142348,NRG
2019-11-01 14:30:00,40.57,40.68,40.56,40.6,230413,NRG
2019-11-01 15:30:00,40.6,40.68,40.57,40.68,398015,NRG
2019-11-01 16:00:00,40.69,40.69,40.6,40.61,0,NRG
2019-11-04 09:30:00,40.8,41.09,40.73,41.06,237890,NRG
2019-11-04 10:30:00,41.06,41.07,40.93,40.94,259344,NRG
2019-11-04 11:30:00,40.93,40.93,40.78,40.85,246178,NRG
2019-11-04 12:30:00,40.85,40.88,40.79,40.87,99483,NRG
2019-11-04 13:30:00,40.85,40.88,40.69,40.77,118962,NRG
2019-11-04 14:30:00,40.77,40.77,40.54,40.55,174332,NRG
2019-11-04 15:30:00,40.54,40.86,40.47,40.8,518341,NRG
2019-11-04 16:00:00,40.82,40.82,40.81,40.81,0,NRG
2019-11-04 17:00:00,40.81,40.81,40.81,40.81,0,NRG
2019-11-05 09:30:00,40.81,40.92,40.65,40.81,344812,NRG
2019-11-05 10:30:00,40.81,40.82,39.9,39.94,301870,NRG
2019-11-05 11:30:00,39.96,40.25,39.94,40.02,282471,NRG
2019-11-05 12:30:00,40.02,40.04,39.83,39.93,293100,NRG
2019-11-05 13:30:00,39.92,39.94,39.63,39.67,262988,NRG
2019-11-05 14:30:00,39.66,39.9,39.6,39.74,433615,NRG
2019-11-05 15:30:00,39.74,39.74,39.61,39.63,697541,NRG
2019-11-05 16:00:00,39.61,39.9,39.61,39.61,0,NRG
2019-11-05 18:00:00,39.61,39.61,39.61,39.61,0,NRG
2019-11-06 08:00:00,39.61,39.61,39.61,39.61,0,NRG
2019-11-06 09:30:00,39.75,40.16,39.71,40.02,390646,NRG
2019-11-06 10:30:00,40.01,40.2,39.64,39.72,453932,NRG
2019-11-06 11:30:00,39.72,39.8,39.54,39.69,317534,NRG
2019-11-06 12:30:00,39.68,39.88,39.61,39.88,179806,NRG
2019-11-06 13:30:00,39.88,39.97,39.77,39.87,193912,NRG
2019-11-06 14:30:00,39.87,39.9,39.76,39.76,315349,NRG
2019-11-06 15:30:00,39.76,39.89,39.57,39.63,965829,NRG
2019-11-06 16:00:00,39.58,39.77,39.58,39.64,0,NRG
2019-11-06 17:00:00,39.58,39.58,39.58,39.58,0,NRG
2019-11-06 18:00:00,38.85,38.85,38.85,38.85,0,NRG
2019-11-07 08:00:00,40.5,40.57,40.5,40.57,0,NRG
2019-11-07 09:00:00,39.54,39.54,39.54,39.54,0,NRG
2019-11-07 09:30:00,39.94,41.78,39.94,41.06,1743384,NRG
2019-11-07 10:30:00,41.06,41.4,40.6,40.73,500156,NRG
2019-11-07 11:30:00,40.72,40.78,40.41,40.5,342892,NRG
2019-11-07 12:30:00,40.5,40.54,40.14,40.23,250907,NRG
2019-11-07 13:30:00,40.23,40.37,40.08,40.1,293786,NRG
2019-11-07 14:30:00,40.11,40.19,39.97,40.06,310661,NRG
2019-11-07 15:30:00,40.07,40.1,39.89,40.01,673452,NRG
2019-11-07 16:00:00,40.04,40.58,39.35,39.35,0,NRG
2019-11-08 08:00:00,40.04,40.04,40.04,40.04,0,NRG
2019-11-08 09:30:00,39.76,39.77,38.7,38.85,944659,NRG
2019-11-08 10:30:00,38.85,39.1,38.74,38.74,814803,NRG
2019-11-08 11:30:00,38.74,38.9,38.7,38.71,668699,NRG
2019-11-08 12:30:00,38.71,38.91,38.5,38.81,667613,NRG
2019-11-08 13:30:00,38.81,38.81,38.56,38.64,564622,NRG
2019-11-08 14:30:00,38.64,38.73,38.5,38.53,733959,NRG
2019-11-08 15:30:00,38.53,38.61,38.39,38.46,1268234,NRG
2019-11-08 16:00:00,38.44,38.71,38.44,38.71,0,NRG
2019-11-08 17:00:00,38.44,38.44,38.44,38.44,0,NRG
2019-11-11 09:30:00,38.64,38.76,38.4,38.56,399982,NRG
2019-11-11 10:30:00,38.56,38.57,38.42,38.53,341697,NRG
2019-11-11 11:30:00,38.53,38.53,38.41,38.45,225347,NRG
2019-11-11 12:30:00,38.46,38.6,38.4,38.58,415985,NRG
2019-11-11 13:30:00,38.58,38.62,38.51,38.58,524132,NRG
2019-11-11 14:30:00,38.57,38.62,38.53,38.54,375400,NRG
2019-11-11 15:30:00,38.54,38.56,38.43,38.52,845200,NRG
2019-11-11 16:00:00,38.51,38.54,38.51,38.54,0,NRG
2019-11-11 17:00:00,38.54,38.54,38.54,38.54,0,NRG
2019-11-12 09:30:00,38.57,39.04,38.48,39.03,274690,NRG
2019-11-12 10:30:00,39.03,39.08,38.85,38.92,217348,NRG
2019-11-12 11:30:00,38.92,38.93,38.78,38.83,226060,NRG
2019-11-12 12:30:00,38.83,38.89,38.8,38.83,128010,NRG
2019-11-12 13:30:00,38.83,38.85,38.71,38.74,211531,NRG
2019-11-12 14:30:00,38.74,38.83,38.68,38.71,316142,NRG
2019-11-12 15:30:00,38.7,38.81,38.66,38.74,625592,NRG
2019-11-12 16:00:00,38.74,38.74,38.74,38.74,0,NRG
2019-11-13 09:30:00,38.78,38.98,38.73,38.89,191657,NRG
2019-11-13 10:30:00,38.89,39.11,38.87,38.88,183274,NRG
2019-11-13 11:30:00,38.89,38.91,38.78,38.79,163076,NRG
2019-11-13 12:30:00,38.79,38.96,38.76,38.95,174705,NRG
2019-11-13 13:30:00,38.95,39.04,38.88,38.89,211401,NRG
2019-11-13 14:30:00,38.9,38.98,38.89,38.94,252132,NRG
2019-11-13 15:30:00,38.93,39.0,38.78,38.79,584889,NRG
2019-11-13 16:00:00,38.79,38.79,38.79,38.79,0,NRG
2019-11-14 09:30:00,38.9,39.41,38.85,39.17,383059,NRG
2019-11-14 10:30:00,39.18,39.43,39.13,39.16,290123,NRG
2019-11-14 11:30:00,39.16,39.31,39.08,39.21,278192,NRG
2019-11-14 12:30:00,39.22,39.4,39.21,39.31,251837,NRG
2019-11-14 13:30:00,39.31,39.49,39.31,39.42,294558,NRG
2019-11-14 14:30:00,39.42,39.43,39.27,39.3,302942,NRG
2019-11-14 15:30:00,39.3,39.41,39.27,39.41,518428,NRG
2019-11-14 16:00:00,39.41,39.41,39.31,39.41,0,NRG
2019-11-14 17:00:00,39.41,39.41,39.41,39.41,0,NRG
2019-11-15 09:30:00,39.45,39.51,39.04,39.33,281845,NRG
2019-11-15 10:30:00,39.33,39.63,39.33,39.62,322353,NRG
2019-11-15 11:30:00,39.62,39.75,39.6,39.71,222411,NRG
2019-11-15 12:30:00,39.71,39.85,39.69,39.84,206088,NRG
2019-11-15 13:30:00,39.83,39.91,39.79,39.81,223354,NRG
2019-11-15 14:30:00,39.81,39.89,39.73,39.74,256103,NRG
2019-11-15 15:30:00,39.74,39.83,39.71,39.8,396764,NRG
2019-11-15 16:00:00,39.8,39.8,39.8,39.8,0,NRG
2019-11-15 17:00:00,39.8,39.8,39.8,39.8,0,NRG
2019-11-18 09:30:00,39.88,40.04,39.6,39.61,212552,NRG
2019-11-18 10:30:00,39.62,40.01,39.61,40.0,174565,NRG
2019-11-18 11:30:00,40.0,40.07,39.89,40.01,138268,NRG
2019-11-18 12:30:00,40.02,40.07,39.97,40.01,125731,NRG
2019-11-18 13:30:00,40.02,40.04,39.88,39.89,132895,NRG
2019-11-18 14:30:00,39.88,39.94,39.85,39.85,238785,NRG
2019-11-18 15:30:00,39.85,39.89,39.74,39.8,402605,NRG
2019-11-18 16:00:00,39.8,39.87,39.8,39.87,0,NRG
2019-11-19 09:30:00,39.78,39.8,39.37,39.77,225940,NRG
2019-11-19 10:30:00,39.78,39.89,39.63,39.66,356675,NRG
2019-11-19 11:30:00,39.66,39.75,39.47,39.47,297761,NRG
2019-11-19 12:30:00,39.47,39.55,39.45,39.51,130904,NRG
2019-11-19 13:30:00,39.51,39.67,39.48,39.64,117545,NRG
2019-11-19 14:30:00,39.64,39.64,39.46,39.52,145991,NRG
2019-11-19 15:30:00,39.52,39.52,39.38,39.39,366656,NRG
2019-11-19 16:00:00,39.39,39.39,39.39,39.39,0,NRG
2019-11-20 09:30:00,39.37,39.74,39.29,39.71,185574,NRG
2019-11-20 10:30:00,39.71,39.71,39.53,39.58,154793,NRG
2019-11-20 11:30:00,39.57,39.61,39.48,39.6,166816,NRG
2019-11-20 12:30:00,39.6,39.61,39.5,39.58,151391,NRG
2019-11-20 13:30:00,39.59,39.7,39.57,39.69,217314,NRG
2019-11-20 14:30:00,39.69,39.75,39.63,39.69,263733,NRG
2019-11-20 15:30:00,39.69,39.71,39.6,39.65,730400,NRG
2019-11-20 16:00:00,39.64,39.65,39.62,39.64,0,NRG
2019-11-20 17:00:00,39.64,39.64,39.64,39.64,0,NRG
2019-11-21 09:30:00,39.65,39.69,39.16,39.17,516839,NRG
2019-11-21 10:30:00,39.17,39.33,39.08,39.2,336325,NRG
2019-11-21 11:30:00,39.2,39.22,39.14,39.22,354114,NRG
2019-11-21 12:30:00,39.22,39.25,39.03,39.07,196204,NRG
2019-11-21 13:30:00,39.08,39.21,39.06,39.17,168711,NRG
2019-11-21 14:30:00,39.17,39.25,39.16,39.19,447860,NRG
2019-11-21 15:30:00,39.19,39.24,39.07,39.2,1228278,NRG
2019-11-21 16:00:00,39.2,39.2,39.2,39.2,0,NRG
2019-11-22 09:00:00,39.2,39.2,39.2,39.2,0,NRG
2019-11-22 09:30:00,39.32,39.45,39.05,39.11,412212,NRG
2019-11-22 10:30:00,39.12,39.17,39.04,39.08,443803,NRG
2019-11-22 11:30:00,39.08,39.28,39.06,39.25,539035,NRG
2019-11-22 12:30:00,39.26,39.4,39.25,39.31,242326,NRG
2019-11-22 13:30:00,39.31,39.45,39.28,39.44,417168,NRG
2019-11-22 14:30:00,39.44,39.47,39.37,39.39,262168,NRG
2019-11-22 15:30:00,39.39,39.42,39.32,39.34,468805,NRG
2019-11-22 16:00:00,39.37,39.37,39.37,39.37,0,NRG
2019-11-22 17:00:00,39.37,39.37,39.37,39.37,0,NRG
2019-11-25 09:30:00,39.31,39.34,39.03,39.04,294812,NRG
2019-11-25 10:30:00,39.03,39.15,38.99,39.06,178779,NRG
2019-11-25 11:30:00,39.08,39.28,39.06,39.19,142121,NRG
2019-11-25 12:30:00,39.18,39.28,39.12,39.22,107179,NRG
2019-11-25 13:30:00,39.23,39.24,39.12,39.19,133072,NRG
2019-11-25 14:30:00,39.19,39.23,39.14,39.23,222495,NRG
2019-11-25 15:30:00,39.23,39.29,39.15,39.18,463030,NRG
2019-11-25 16:00:00,39.19,39.19,39.18,39.19,0,NRG
2019-11-26 09:30:00,39.24,39.27,38.99,39.13,245972,NRG
2019-11-26 10:30:00,39.12,39.27,39.04,39.19,522485,NRG
2019-11-26 11:30:00,39.2,39.2,38.95,38.96,193928,NRG
2019-11-26 12:30:00,38.96,38.97,38.79,38.91,261044,NRG
2019-11-26 13:30:00,38.9,38.94,38.79,38.9,272623,NRG
2019-11-26 14:30:00,38.9,38.94,38.85,38.91,214623,NRG
2019-11-26 15:30:00,38.91,38.99,38.86,38.92,731175,NRG
2019-11-26 16:00:00,38.93,38.93,38.92,38.92,0,NRG
2019-11-27 09:30:00,39.12,39.15,38.91,38.92,647629,NRG
2019-11-27 10:30:00,38.93,39.23,38.93,39.08,140183,NRG
2019-11-27 11:30:00,39.08,39.18,39.08,39.12,153006,NRG
2019-11-27 12:30:00,39.13,39.2,39.06,39.19,121302,NRG
2019-11-27 13:30:00,39.2,39.24,39.18,39.2,143343,NRG
2019-11-27 14:30:00,39.21,39.21,39.13,39.17,220067,NRG
2019-11-27 15:30:00,39.17,39.19,39.08,39.08,665400,NRG
2019-11-27 16:00:00,39.07,39.1,39.07,39.1,0,NRG
2019-11-29 09:30:00,39.01,39.58,38.88,39.58,245758,NRG
2019-11-29 10:30:00,39.6,39.89,39.58,39.81,364324,NRG
2019-11-29 11:30:00,39.81,39.9,39.66,39.71,410540,NRG
2019-11-29 13:00:00,39.7,39.79,39.65,39.73,0,NRG
2019-12-02 09:00:00,39.73,39.73,39.73,39.73,0,NRG
2019-12-02 09:30:00,39.67,40.06,39.65,39.97,350716,NRG
2019-12-02 10:30:00,39.96,40.16,39.83,40.08,311214,NRG
2019-12-02 11:30:00,40.08,40.19,39.94,40.01,222259,NRG
2019-12-02 12:30:00,40.02,40.06,39.96,40.06,164534,NRG
2019-12-02 13:30:00,40.05,40.07,39.97,39.99,200947,NRG
2019-12-02 14:30:00,40.0,40.02,39.95,39.97,286321,NRG
2019-12-02 15:30:00,39.96,40.0,39.82,39.86,606043,NRG
2019-12-02 16:00:00,39.86,39.95,39.86,39.95,0,NRG
2019-12-03 09:30:00,39.77,39.95,39.62,39.78,293559,NRG
2019-12-03 10:30:00,39.78,40.15,39.71,40.08,307044,NRG
2019-12-03 11:30:00,40.13,40.21,40.03,40.19,249895,NRG
2019-12-03 12:30:00,40.19,40.4,40.14,40.39,399781,NRG
2019-12-03 13:30:00,40.39,40.51,40.35,40.47,711812,NRG
2019-12-03 14:30:00,40.48,40.54,40.42,40.44,407197,NRG
2019-12-03 15:30:00,40.44,40.51,40.41,40.41,764940,NRG
2019-12-03 16:00:00,40.41,40.41,40.41,40.41,0,NRG
2019-12-03 17:00:00,40.41,40.41,40.41,40.41,0,NRG
2019-12-04 09:30:00,40.19,40.26,39.54,39.93,769807,NRG
2019-12-04 10:30:00,39.93,39.93,39.74,39.76,394595,NRG
2019-12-04 11:30:00,39.76,39.88,39.72,39.81,227567,NRG
2019-12-04 12:30:00,39.81,39.82,39.62,39.72,230098,NRG
2019-12-04 13:30:00,39.72,39.89,39.7,39.8,274821,NRG
2019-12-04 14:30:00,39.8,39.91,39.75,39.75,420205,NRG
2019-12-04 15:30:00,39.76,39.78,39.49,39.52,863458,NRG
2019-12-04 16:00:00,39.52,39.52,39.52,39.52,0,NRG
2019-12-05 09:30:00,39.51,39.56,38.79,38.85,585676,NRG
2019-12-05 10:30:00,38.86,39.01,38.45,38.59,772205,NRG
2019-12-05 11:30:00,38.6,38.84,38.55,38.73,395778,NRG
2019-12-05 12:30:00,38.72,38.72,38.49,38.49,201823,NRG
2019-12-05 13:30:00,38.49,38.59,38.37,38.52,493609,NRG
2019-12-05 14:30:00,38.52,38.56,38.39,38.55,356476,NRG
2019-12-05 15:30:00,38.54,38.59,38.51,38.58,619349,NRG
2019-12-05 16:00:00,38.58,38.58,38.48,38.48,0,NRG
2019-12-06 09:30:00,38.56,39.08,38.5,39.06,392308,NRG
2019-12-06 10:30:00,39.06,39.26,38.95,38.96,549585,NRG
2019-12-06 11:30:00,38.96,39.0,38.85,38.88,430646,NRG
2019-12-06 12:30:00,38.88,38.88,38.72,38.78,265187,NRG
2019-12-06 13:30:00,38.79,38.86,38.78,38.84,274499,NRG
2019-12-06 14:30:00,38.83,38.84,38.6,38.62,565921,NRG
2019-12-06 15:30:00,38.62,38.69,38.45,38.46,1033171,NRG
2019-12-06 16:00:00,38.47,38.72,38.47,38.47,0,NRG
2019-12-06 17:00:00,38.47,38.47,38.47,38.47,0,NRG
2019-12-06 18:00:00,38.47,38.47,38.47,38.47,0,NRG
2019-12-09 09:30:00,38.65,38.87,38.44,38.7,307676,NRG
2019-12-09 10:30:00,38.69,39.03,38.68,39.03,231905,NRG
2019-12-09 11:30:00,39.03,39.03,38.87,38.99,279308,NRG
2019-12-09 12:30:00,38.99,39.03,38.81,38.88,374711,NRG
2019-12-09 13:30:00,38.88,38.88,38.52,38.53,427145,NRG
2019-12-09 14:30:00,38.53,38.71,38.53,38.69,275427,NRG
2019-12-09 15:30:00,38.69,38.7,38.55,38.56,658316,NRG
2019-12-09 16:00:00,38.56,38.56,38.56,38.56,0,NRG
2019-12-09 17:00:00,38.56,38.56,38.56,38.56,0,NRG
2019-12-10 09:30:00,38.59,38.75,38.38,38.45,486634,NRG
2019-12-10 10:30:00,38.44,38.6,38.42,38.5,216287,NRG
2019-12-10 11:30:00,38.5,38.58,38.45,38.47,205558,NRG
2019-12-10 12:30:00,38.48,38.52,38.37,38.44,190614,NRG
2019-12-10 13:30:00,38.43,38.51,38.38,38.51,204862,NRG
2019-12-10 14:30:00,38.5,38.6,38.48,38.49,533689,NRG
2019-12-10 15:30:00,38.49,38.53,38.33,38.38,629478,NRG
2019-12-10 16:00:00,38.39,38.39,38.38,38.38,0,NRG
2019-12-11 09:30:00,38.39,39.1,38.29,38.94,243816,NRG
2019-12-11 10:30:00,38.95,38.96,38.7,38.77,160059,NRG
2019-12-11 11:30:00,38.77,38.8,38.65,38.71,127607,NRG
2019-12-11 12:30:00,38.71,38.72,38.58,38.66,119993,NRG
2019-12-11 13:30:00,38.65,38.88,38.64,38.82,134035,NRG
2019-12-11 14:30:00,38.81,38.94,38.78,38.8,223525,NRG
2019-12-11 15:30:00,38.79,38.94,38.72,38.92,500087,NRG
2019-12-11 16:00:00,38.92,38.92,38.63,38.63,0,NRG
2019-12-12 09:30:00,38.86,39.28,38.84,39.2,228771,NRG
2019-12-12 10:30:00,39.21,39.29,39.06,39.09,133113,NRG
2019-12-12 11:30:00,39.1,39.22,39.06,39.11,160051,NRG
2019-12-12 12:30:00,39.12,39.24,39.1,39.15,123373,NRG
2019-12-12 13:30:00,39.15,39.21,39.06,39.15,168435,NRG
2019-12-12 14:30:00,39.15,39.28,39.06,39.17,289390,NRG
2019-12-12 15:30:00,39.18,39.36,39.11,39.32,484668,NRG
2019-12-12 16:00:00,39.33,39.33,39.22,39.22,0,NRG
2019-12-12 17:00:00,39.3,39.3,39.3,39.3,0,NRG
2019-12-13 08:00:00,39.48,39.48,39.48,39.48,0,NRG
2019-12-13 09:30:00,39.38,39.51,39.3,39.4,158586,NRG
2019-12-13 10:30:00,39.39,39.64,39.35,39.64,290334,NRG
2019-12-13 11:30:00,39.63,39.66,39.38,39.4,274256,NRG
2019-12-13 12:30:00,39.39,39.4,39.25,39.28,196487,NRG
2019-12-13 13:30:00,39.28,39.35,39.23,39.28,153675,NRG
2019-12-13 14:30:00,39.28,39.38,39.26,39.37,276464,NRG
2019-12-13 15:30:00,39.37,39.43,39.34,39.37,476813,NRG
2019-12-13 16:00:00,39.37,39.4,39.37,39.4,0,NRG
2019-12-16 09:30:00,39.35,39.64,39.3,39.51,270753,NRG
2019-12-16 10:30:00,39.51,39.64,39.44,39.61,150074,NRG
2019-12-16 11:30:00,39.6,39.62,39.49,39.51,151096,NRG
2019-12-16 12:30:00,39.52,39.62,39.44,39.6,113171,NRG
2019-12-16 13:30:00,39.61,39.85,39.56,39.83,175883,NRG
2019-12-16 14:30:00,39.83,40.01,39.81,39.97,265715,NRG
2019-12-16 15:30:00,39.97,40.13,39.95,40.12,769106,NRG
2019-12-16 16:00:00,40.12,40.12,39.87,39.87,0,NRG
2019-12-17 09:30:00,40.19,40.22,39.89,39.96,305523,NRG
2019-12-17 10:30:00,39.96,39.97,39.76,39.86,211359,NRG
2019-12-17 11:30:00,39.85,39.88,39.7,39.71,160017,NRG
2019-12-17 12:30:00,39.71,39.75,39.67,39.69,147447,NRG
2019-12-17 13:30:00,39.69,39.83,39.66,39.69,304734,NRG
2019-12-17 14:30:00,39.7,39.74,39.67,39.71,348624,NRG
2019-12-17 15:30:00,39.71,39.75,39.59,39.59,642156,NRG
2019-12-17 16:00:00,39.59,39.75,39.59,39.75,0,NRG
2019-12-18 09:30:00,39.57,39.69,39.49,39.61,349373,NRG
2019-12-18 10:30:00,39.62,39.75,39.59,39.69,132126,NRG
2019-12-18 11:30:00,39.69,39.85,39.67,39.8,159036,NRG
2019-12-18 12:30:00,39.79,39.89,39.79,39.88,116999,NRG
2019-12-18 13:30:00,39.89,39.9,39.73,39.8,188507,NRG
2019-12-18 14:30:00,39.8,39.88,39.78,39.83,290404,NRG
2019-12-18 15:30:00,39.83,39.85,39.73,39.76,319444,NRG
2019-12-18 16:00:00,39.76,39.8,39.74,39.74,0,NRG
2019-12-19 09:30:00,39.78,40.24,39.74,40.08,191318,NRG
2019-12-19 10:30:00,40.08,40.33,39.79,40.31,346346,NRG
2019-12-19 11:30:00,40.32,40.58,40.18,40.58,433413,NRG
2019-12-19 12:30:00,40.58,40.58,40.36,40.52,174153,NRG
2019-12-19 13:30:00,40.52,40.63,40.46,40.57,292173,NRG
2019-12-19 14:30:00,40.57,40.61,40.25,40.3,348670,NRG
2019-12-19 15:30:00,40.29,40.35,40.22,40.31,610313,NRG
2019-12-19 16:00:00,40.31,40.31,40.31,40.31,0,NRG
2019-12-19 17:00:00,40.31,40.31,40.31,40.31,0,NRG
2019-12-20 08:00:00,40.31,40.31,40.31,40.31,0,NRG
2019-12-20 09:30:00,40.41,40.63,40.15,40.42,619418,NRG
2019-12-20 10:30:00,40.43,40.63,40.35,40.53,275807,NRG
2019-12-20 11:30:00,40.54,40.71,40.53,40.65,297725,NRG
2019-12-20 12:30:00,40.65,40.73,40.63,40.7,214386,NRG
2019-12-20 13:30:00,40.7,40.92,40.7,40.9,275533,NRG
2019-12-20 14:30:00,40.9,40.99,40.81,40.9,350203,NRG
2019-12-20 15:30:00,40.9,40.97,40.62,40.62,786827,NRG
2019-12-20 16:00:00,40.62,40.63,40.61,40.62,0,NRG
2019-12-23 08:00:00,40.62,40.62,40.62,40.62,0,NRG
2019-12-23 09:30:00,40.69,40.7,40.08,40.24,198054,NRG
2019-12-23 10:30:00,40.24,40.41,40.22,40.33,142909,NRG
2019-12-23 11:30:00,40.33,40.35,40.19,40.19,184532,NRG
2019-12-23 12:30:00,40.19,40.22,40.16,40.21,175335,NRG
2019-12-23 13:30:00,40.21,40.22,40.0,40.07,137279,NRG
2019-12-23 14:30:00,40.08,40.1,39.99,40.01,212061,NRG
2019-12-23 15:30:00,40.0,40.08,39.97,40.08,270469,NRG
2019-12-23 16:00:00,40.07,40.15,40.07,40.15,0,NRG
2019-12-24 09:30:00,40.11,40.11,39.95,40.01,124794,NRG
2019-12-24 10:30:00,40.01,40.1,39.96,40.0,124205,NRG
2019-12-24 11:30:00,40.0,40.03,39.85,39.85,235488,NRG
2019-12-24 13:00:00,39.85,39.93,39.79,39.89,0,NRG
2019-12-26 09:30:00,39.97,40.05,39.73,39.85,130367,NRG
2019-12-26 10:30:00,39.85,39.9,39.69,39.7,112707,NRG
2019-12-26 11:30:00,39.71,39.71,39.51,39.6,231091,NRG
2019-12-26 12:30:00,39.59,39.6,39.45,39.46,88318,NRG
2019-12-26 13:30:00,39.46,39.5,39.35,39.37,171249,NRG
2019-12-26 14:30:00,39.37,39.38,39.21,39.21,149024,NRG
2019-12-26 15:30:00,39.21,39.24,39.08,39.24,362353,NRG
2019-12-26 16:00:00,39.23,39.23,39.23,39.23,0,NRG
2019-12-27 08:00:00,39.23,39.23,39.23,39.23,0,NRG
2019-12-27 09:30:00,39.25,39.43,39.19,39.31,153860,NRG
2019-12-27 10:30:00,39.33,39.37,39.26,39.31,104414,NRG
2019-12-27 11:30:00,39.32,39.32,39.15,39.2,103050,NRG
2019-12-27 12:30:00,39.2,39.4,39.16,39.35,201312,NRG
2019-12-27 13:30:00,39.35,39.36,39.17,39.23,189507,NRG
2019-12-27 14:30:00,39.24,39.31,39.16,39.31,224805,NRG
2019-12-27 15:30:00,39.31,39.33,39.19,39.23,407855,NRG
2019-12-27 16:00:00,39.23,39.25,39.23,39.25,0,NRG
2019-12-27 17:00:00,39.23,39.23,39.23,39.23,0,NRG
2019-12-30 09:30:00,39.12,39.24,39.03,39.04,136028,NRG
2019-12-30 10:30:00,39.04,39.24,39.01,39.21,128040,NRG
2019-12-30 11:30:00,39.2,39.21,39.13,39.17,112689,NRG
2019-12-30 12:30:00,39.17,39.29,39.17,39.26,118501,NRG
2019-12-30 13:30:00,39.26,39.28,39.08,39.12,127406,NRG
2019-12-30 14:30:00,39.11,39.14,39.06,39.13,129611,NRG
2019-12-30 15:30:00,39.13,39.23,39.08,39.22,408188,NRG
2019-12-30 16:00:00,39.23,39.23,39.16,39.16,0,NRG
2019-12-31 09:30:00,39.16,39.6,39.11,39.47,184464,NRG
2019-12-31 10:30:00,39.47,39.6,39.45,39.56,165652,NRG
2019-12-31 11:30:00,39.55,39.64,39.35,39.44,155738,NRG
2019-12-31 12:30:00,39.43,39.6,39.43,39.53,116799,NRG
2019-12-31 13:30:00,39.53,39.68,39.51,39.66,113018,NRG
2019-12-31 14:30:00,39.66,39.69,39.59,39.66,136303,NRG
2019-12-31 15:30:00,39.66,39.76,39.65,39.75,433575,NRG
2019-12-31 16:00:00,39.75,39.75,39.75,39.75,0,NRG
2020-01-02 09:30:00,39.83,39.99,39.23,39.28,293025,NRG
2020-01-02 10:30:00,39.28,39.29,39.1,39.19,245069,NRG
2020-01-02 11:30:00,39.19,39.2,38.94,38.99,203077,NRG
2020-01-02 12:30:00,38.99,39.08,38.86,38.88,259979,NRG
2020-01-02 13:30:00,38.87,38.89,38.58,38.61,268965,NRG
2020-01-02 14:30:00,38.61,38.88,38.61,38.87,276082,NRG
2020-01-02 15:30:00,38.87,38.87,38.76,38.8,646961,NRG
2020-01-02 16:00:00,38.8,38.95,38.8,38.8,0,NRG
2020-01-03 09:30:00,38.57,38.79,38.28,38.47,397498,NRG
2020-01-03 10:30:00,38.47,38.5,38.23,38.24,229882,NRG
2020-01-03 11:30:00,38.24,38.39,38.13,38.32,438488,NRG
2020-01-03 12:30:00,38.31,38.32,38.13,38.22,279859,NRG
2020-01-03 13:30:00,38.23,38.27,38.17,38.21,212026,NRG
2020-01-03 14:30:00,38.21,38.21,38.08,38.1,259650,NRG
2020-01-03 15:30:00,38.1,38.22,38.01,38.19,570693,NRG
2020-01-03 16:00:00,38.2,38.24,38.2,38.2,0,NRG
2020-01-06 09:30:00,38.14,38.18,37.84,37.87,309356,NRG
2020-01-06 10:30:00,37.87,37.93,37.6,37.6,244715,NRG
2020-01-06 11:30:00,37.6,37.67,37.53,37.58,252355,NRG
2020-01-06 12:30:00,37.58,37.66,37.57,37.65,213935,NRG
2020-01-06 13:30:00,37.65,37.87,37.63,37.87,251626,NRG
2020-01-06 14:30:00,37.87,37.88,37.54,37.54,324439,NRG
2020-01-06 15:30:00,37.54,37.55,37.26,37.37,587192,NRG
2020-01-06 16:00:00,37.38,37.38,37.22,37.38,0,NRG
2020-01-06 18:00:00,37.38,37.38,37.38,37.38,0,NRG
2020-01-07 08:00:00,37.65,37.65,37.65,37.65,0,NRG
2020-01-07 09:30:00,37.22,37.37,37.12,37.26,279385,NRG
2020-01-07 10:30:00,37.26,37.52,37.24,37.52,212179,NRG
2020-01-07 11:30:00,37.52,37.58,37.34,37.35,144919,NRG
2020-01-07 12:30:00,37.35,37.36,37.26,37.29,130441,NRG
2020-01-07 13:30:00,37.29,37.3,37.11,37.17,184508,NRG
2020-01-07 14:30:00,37.17,37.18,36.86,36.86,376432,NRG
2020-01-07 15:30:00,36.86,36.93,36.82,36.87,703504,NRG
2020-01-07 16:00:00,36.87,37.04,36.87,36.87,0,NRG
2020-01-08 08:00:00,36.87,36.87,36.87,36.87,0,NRG
2020-01-08 09:30:00,36.88,36.98,36.76,36.8,292551,NRG
2020-01-08 10:30:00,36.8,36.8,36.24,36.5,316121,NRG
2020-01-08 11:30:00,36.48,36.54,36.42,36.42,287843,NRG
2020-01-08 12:30:00,36.42,36.88,36.39,36.84,314024,NRG
2020-01-08 13:30:00,36.85,36.88,36.74,36.85,305746,NRG
2020-01-08 14:30:00,36.85,36.98,36.79,36.98,665371,NRG
2020-01-08 15:30:00,36.98,37.0,36.82,36.86,795638,NRG
2020-01-08 16:00:00,36.86,36.92,36.49,36.92,0,NRG
2020-01-08 17:00:00,36.77,36.77,36.77,36.77,0,NRG
2020-01-09 09:30:00,36.89,37.11,36.76,37.08,342743,NRG
2020-01-09 10:30:00,37.08,37.31,37.01,37.03,324258,NRG
2020-01-09 11:30:00,37.09,37.26,37.04,37.21,199397,NRG
2020-01-09 12:30:00,37.2,37.31,37.16,37.2,155686,NRG
2020-01-09 13:30:00,37.21,37.22,36.97,36.98,156529,NRG
2020-01-09 14:30:00,36.99,37.08,36.93,37.08,293125,NRG
2020-01-09 15:30:00,37.07,37.17,37.02,37.14,455131,NRG
2020-01-09 16:00:00,37.14,37.14,37.09,37.11,0,NRG
2020-01-09 18:00:00,37.2,37.2,37.2,37.2,0,NRG
2020-01-10 09:00:00,37.34,37.34,37.34,37.34,0,NRG
2020-01-10 09:30:00,37.23,37.49,37.07,37.47,207127,NRG
2020-01-10 10:30:00,37.48,37.64,37.36,37.36,209073,NRG
2020-01-10 11:30:00,37.36,37.42,37.22,37.23,123742,NRG
2020-01-10 12:30:00,37.22,37.4,37.1,37.39,334715,NRG
2020-01-10 13:30:00,37.39,37.46,37.23,37.26,196926,NRG
2020-01-10 14:30:00,37.26,37.32,37.22,37.24,201633,NRG
2020-01-10 15:30:00,37.25,37.32,37.21,37.32,351040,NRG
2020-01-10 16:00:00,37.31,37.31,37.3,37.31,0,NRG
2020-01-13 09:30:00,37.22,37.43,37.11,37.15,279059,NRG
2020-01-13 10:30:00,37.17,37.26,37.15,37.19,138092,NRG
2020-01-13 11:30:00,37.19,37.24,37.0,37.0,177191,NRG
2020-01-13 12:30:00,37.0,37.12,36.99,37.0,135619,NRG
2020-01-13 13:30:00,37.01,37.06,37.01,37.06,131136,NRG
2020-01-13 14:30:00,37.06,37.14,36.99,37.08,251953,NRG
2020-01-13 15:30:00,37.07,37.1,36.9,36.92,478638,NRG
2020-01-13 16:00:00,36.92,36.92,36.85,36.92,0,NRG
2020-01-14 09:30:00,36.94,37.31,36.9,37.29,381887,NRG
2020-01-14 10:30:00,37.29,37.39,37.24,37.27,205153,NRG
2020-01-14 11:30:00,37.29,37.29,37.21,37.24,162182,NRG
2020-01-14 12:30:00,37.24,37.36,37.24,37.28,319548,NRG
2020-01-14 13:30:00,37.28,37.3,37.1,37.14,201734,NRG
2020-01-14 14:30:00,37.13,37.21,37.11,37.16,192038,NRG
2020-01-14 15:30:00,37.16,37.51,37.16,37.5,684637,NRG
2020-01-14 16:00:00,37.5,37.51,37.26,37.4,0,NRG
2020-01-14 17:00:00,37.5,37.5,37.5,37.5,0,NRG
2020-01-15 09:30:00,37.38,38.14,37.38,37.83,569409,NRG
2020-01-15 10:30:00,37.84,38.04,37.74,37.99,415296,NRG
2020-01-15 11:30:00,38.0,38.27,38.0,38.08,227256,NRG
2020-01-15 12:30:00,38.07,38.31,38.06,38.31,202011,NRG
2020-01-15 13:30:00,38.31,38.4,38.24,38.26,187144,NRG
2020-01-15 14:30:00,38.26,38.37,38.19,38.25,235938,NRG
2020-01-15 15:30:00,38.24,38.26,38.13,38.13,501142,NRG
2020-01-15 16:00:00,38.13,38.25,38.09,38.25,0,NRG
2020-01-15 17:00:00,38.13,38.13,38.13,38.13,0,NRG
2020-01-16 09:30:00,38.27,38.67,38.23,38.56,265279,NRG
2020-01-16 10:30:00,38.56,38.71,38.47,38.64,260167,NRG
2020-01-16 11:30:00,38.64,38.76,38.59,38.66,216738,NRG
2020-01-16 12:30:00,38.66,38.75,38.61,38.74,168586,NRG
2020-01-16 13:30:00,38.74,38.8,38.64,38.67,147978,NRG
2020-01-16 14:30:00,38.67,38.72,38.61,38.67,191469,NRG
2020-01-16 15:30:00,38.67,38.69,38.61,38.62,502685,NRG
2020-01-16 16:00:00,38.62,38.65,38.62,38.62,0,NRG
2020-01-17 09:30:00,38.64,38.68,38.32,38.41,290228,NRG
2020-01-17 10:30:00,38.41,38.56,38.29,38.51,165866,NRG
2020-01-17 11:30:00,38.5,38.5,38.29,38.29,159879,NRG
2020-01-17 12:30:00,38.29,38.44,38.26,38.43,127508,NRG
2020-01-17 13:30:00,38.43,38.58,38.31,38.56,280427,NRG
2020-01-17 14:30:00,38.57,38.69,38.53,38.62,146309,NRG
2020-01-17 15:30:00,38.62,38.65,38.54,38.54,521052,NRG
2020-01-17 16:00:00,38.54,38.63,38.5,38.5,0,NRG
2020-01-17 18:00:00,38.54,38.54,38.54,38.54,0,NRG
2020-01-21 09:30:00,38.51,38.62,38.18,38.31,183446,NRG
2020-01-21 10:30:00,38.3,38.48,38.09,38.44,182375,NRG
2020-01-21 11:30:00,38.45,38.55,38.43,38.47,180904,NRG
2020-01-21 12:30:00,38.47,38.55,38.44,38.51,109556,NRG
2020-01-21 13:30:00,38.5,38.5,38.38,38.4,198098,NRG
2020-01-21 14:30:00,38.4,38.56,38.37,38.53,176783,NRG
2020-01-21 15:30:00,38.53,38.55,38.47,38.53,374095,NRG
2020-01-21 16:00:00,38.52,38.53,38.48,38.52,0,NRG
2020-01-21 17:00:00,38.52,38.59,38.52,38.59,0,NRG
2020-01-21 18:00:00,38.7,38.7,38.7,38.7,0,NRG
2020-01-22 07:00:00,38.9,38.9,38.9,38.9,0,NRG
2020-01-22 09:30:00,38.68,39.12,38.62,38.9,290567,NRG
2020-01-22 10:30:00,38.91,39.07,38.88,39.06,301726,NRG
2020-01-22 11:30:00,39.05,39.24,38.96,39.19,208793,NRG
2020-01-22 12:30:00,39.19,39.21,38.99,39.01,239386,NRG
2020-01-22 13:30:00,39.01,39.09,38.86,38.86,209115,NRG
2020-01-22 14:30:00,38.86,38.9,38.76,38.78,202966,NRG
2020-01-22 15:30:00,38.78,38.82,38.68,38.69,509197,NRG
2020-01-22 16:00:00,38.68,38.87,38.68,38.68,0,NRG
2020-01-23 09:30:00,38.61,38.75,38.39,38.47,186727,NRG
2020-01-23 10:30:00,38.47,38.52,38.33,38.39,155041,NRG
2020-01-23 11:30:00,38.4,38.56,38.4,38.53,120979,NRG
2020-01-23 12:30:00,38.53,38.68,38.53,38.61,112809,NRG
2020-01-23 13:30:00,38.6,38.78,38.56,38.77,108783,NRG
2020-01-23 14:30:00,38.77,38.91,38.76,38.88,177972,NRG
2020-01-23 15:30:00,38.88,38.89,38.79,38.88,351119,NRG
2020-01-23 16:00:00,38.87,38.87,38.53,38.87,0,NRG
2020-01-23 17:00:00,38.6,38.75,38.6,38.75,0,NRG
2020-01-24 09:30:00,38.79,38.85,38.54,38.81,185057,NRG
2020-01-24 10:30:00,38.81,38.88,38.63,38.65,205644,NRG
2020-01-24 11:30:00,38.66,38.67,38.27,38.28,190266,NRG
2020-01-24 12:30:00,38.28,38.37,38.1,38.15,234902,NRG
2020-01-24 13:30:00,38.15,38.17,37.84,37.86,271325,NRG
2020-01-24 14:30:00,37.87,38.0,37.8,37.97,251069,NRG
2020-01-24 15:30:00,37.97,38.0,37.83,37.94,687672,NRG
2020-01-24 16:00:00,37.96,38.35,37.91,37.96,0,NRG
2020-01-27 08:00:00,36.01,36.01,36.01,36.01,0,NRG
2020-01-27 09:30:00,37.67,37.78,37.15,37.26,289432,NRG
2020-01-27 10:30:00,37.26,37.28,37.06,37.06,184780,NRG
2020-01-27 11:30:00,37.06,37.12,36.86,36.88,203688,NRG
2020-01-27 12:30:00,36.89,36.93,36.82,36.91,182566,NRG
2020-01-27 13:30:00,36.91,37.06,36.87,37.03,180582,NRG
2020-01-27 14:30:00,37.03,37.09,36.96,37.04,241261,NRG
2020-01-27 15:30:00,37.04,37.04,36.8,36.81,407432,NRG
2020-01-27 16:00:00,36.8,37.01,36.8,36.95,0,NRG
2020-01-28 09:30:00,37.0,37.29,36.83,37.13,228196,NRG
2020-01-28 10:30:00,37.13,37.28,37.04,37.26,197260,NRG
2020-01-28 11:30:00,37.25,37.26,37.03,37.18,152202,NRG
2020-01-28 12:30:00,37.17,37.17,37.04,37.05,77467,NRG
2020-01-28 13:30:00,37.05,37.15,37.04,37.1,125117,NRG
2020-01-28 14:30:00,37.1,37.18,37.03,37.08,163919,NRG
2020-01-28 15:30:00,37.08,37.1,36.99,37.01,377233,NRG
2020-01-28 16:00:00,37.01,37.08,37.01,37.01,0,NRG
2020-01-28 17:00:00,37.01,37.01,37.01,37.01,0,NRG
2020-01-29 09:30:00,36.96,37.0,36.58,36.65,265575,NRG
2020-01-29 10:30:00,36.64,36.77,36.54,36.71,235081,NRG
2020-01-29 11:30:00,36.71,36.72,36.36,36.48,221442,NRG
2020-01-29 12:30:00,36.49,36.76,36.46,36.74,265507,NRG
2020-01-29 13:30:00,36.74,37.09,36.73,37.03,251434,NRG
2020-01-29 14:30:00,37.03,37.17,36.97,37.15,246064,NRG
2020-01-29 15:30:00,37.14,37.26,37.12,37.15,449441,NRG
2020-01-29 16:00:00,37.16,37.16,37.16,37.16,0,NRG
2020-01-29 17:00:00,37.16,37.16,37.16,37.16,0,NRG
2020-01-30 08:00:00,37.2,37.2,37.2,37.2,0,NRG
2020-01-30 09:30:00,37.2,37.2,36.58,36.87,278056,NRG
2020-01-30 10:30:00,36.87,37.05,36.72,37.01,218087,NRG
2020-01-30 11:30:00,37.01,37.14,37.0,37.04,221072,NRG
2020-01-30 12:30:00,37.05,37.06,36.85,36.87,232574,NRG
2020-01-30 13:30:00,36.87,36.97,36.83,36.92,216268,NRG
2020-01-30 14:30:00,36.91,37.14,36.88,37.08,1246105,NRG
2020-01-30 15:30:00,37.08,37.22,37.08,37.17,0,NRG
2020-01-30 16:00:00,37.16,37.17,37.02,37.16,0,NRG
2020-01-30 17:00:00,37.0,37.0,37.0,37.0,0,NRG
2020-01-31 09:30:00,36.7,37.14,36.7,36.99,320390,NRG
2020-01-31 10:30:00,37.0,37.07,36.79,36.79,310601,NRG
2020-01-31 11:30:00,36.79,36.85,36.65,36.83,211343,NRG
2020-01-31 12:30:00,36.81,36.84,36.65,36.73,195797,NRG
2020-01-31 13:30:00,36.74,36.85,36.67,36.83,238834,NRG
2020-01-31 14:30:00,36.84,36.95,36.79,36.88,376682,NRG
2020-01-31 15:30:00,36.89,37.03,36.74,36.89,759204,NRG
2020-01-31 16:00:00,36.89,36.89,36.87,36.89,0,NRG
2020-01-31 17:00:00,36.89,36.89,36.89,36.89,0,NRG
2020-02-03 09:30:00,37.03,37.37,36.97,37.34,221398,NRG
2020-02-03 10:30:00,37.36,37.36,37.21,37.32,169689,NRG
2020-02-03 11:30:00,37.32,37.55,37.27,37.46,222782,NRG
2020-02-03 12:30:00,37.46,37.62,37.43,37.56,202132,NRG
2020-02-03 13:30:00,37.56,37.68,37.55,37.65,208790,NRG
2020-02-03 14:30:00,37.65,37.73,37.6,37.68,264154,NRG
2020-02-03 15:30:00,37.69,37.75,37.51,37.53,449833,NRG
2020-02-03 16:00:00,37.54,37.73,37.5,37.54,0,NRG
2020-02-03 17:00:00,37.54,37.54,37.54,37.54,0,NRG
2020-02-04 09:30:00,37.65,38.12,37.42,37.68,380438,NRG
2020-02-04 10:30:00,37.67,37.86,37.52,37.6,482512,NRG
2020-02-04 11:30:00,37.6,37.82,37.52,37.81,200248,NRG
2020-02-04 12:30:00,37.81,37.88,37.71,37.81,143038,NRG
2020-02-04 13:30:00,37.8,37.82,37.54,37.7,282079,NRG
2020-02-04 14:30:00,37.71,37.71,37.59,37.64,301750,NRG
2020-02-04 15:30:00,37.64,37.65,37.26,37.27,642381,NRG
2020-02-04 16:00:00,37.26,37.5,37.26,37.5,0,NRG
2020-02-05 09:30:00,37.26,38.16,37.26,38.12,335234,NRG
2020-02-05 10:30:00,38.13,38.33,38.13,38.2,211889,NRG
2020-02-05 11:30:00,38.18,38.4,38.15,38.3,223788,NRG
2020-02-05 12:30:00,38.31,38.41,38.28,38.28,204937,NRG
2020-02-05 13:30:00,38.28,38.31,38.13,38.22,185840,NRG
2020-02-05 14:30:00,38.22,38.24,38.06,38.08,211550,NRG
2020-02-05 15:30:00,38.08,38.1,37.87,38.03,878832,NRG
2020-02-05 16:00:00,38.03,38.07,38.0,38.07,0,NRG
2020-02-05 17:00:00,38.0,38.0,38.0,38.0,0,NRG
2020-02-06 09:30:00,38.11,38.2,37.73,37.97,151702,NRG
2020-02-06 10:30:00,37.97,38.02,37.8,37.97,88873,NRG
2020-02-06 11:30:00,37.97,38.08,37.9,38.08,90891,NRG
2020-02-06 12:30:00,38.08,38.16,38.0,38.06,125865,NRG
2020-02-06 13:30:00,38.08,38.21,38.01,38.08,272894,NRG
2020-02-06 14:30:00,38.08,38.16,37.95,37.95,255188,NRG
2020-02-06 15:30:00,37.96,37.98,37.82,37.83,600466,NRG
2020-02-06 16:00:00,37.83,37.94,37.83,37.83,0,NRG
2020-02-06 17:00:00,37.83,37.83,37.83,37.83,0,NRG
2020-02-07 09:30:00,37.81,37.95,37.6,37.93,152005,NRG
2020-02-07 10:30:00,37.93,37.98,37.83,37.94,116050,NRG
2020-02-07 11:30:00,37.95,37.98,37.87,37.95,94697,NRG
2020-02-07 12:30:00,37.97,38.03,37.94,37.99,84569,NRG
2020-02-07 13:30:00,37.99,38.01,37.83,37.9,153139,NRG
2020-02-07 14:30:00,37.9,37.95,37.88,37.95,134130,NRG
2020-02-07 15:30:00,37.95,38.05,37.87,37.88,283662,NRG
2020-02-07 16:00:00,37.88,37.88,37.88,37.88,0,NRG
2020-02-07 17:00:00,37.88,37.88,37.88,37.88,0,NRG
2020-02-10 09:30:00,37.86,37.9,37.64,37.71,191872,NRG
2020-02-10 10:30:00,37.71,38.06,37.7,38.0,128119,NRG
2020-02-10 11:30:00,38.0,38.17,37.97,38.13,141649,NRG
2020-02-10 12:30:00,38.13,38.16,37.99,38.08,133917,NRG
2020-02-10 13:30:00,38.08,38.19,38.08,38.19,134958,NRG
2020-02-10 14:30:00,38.2,38.26,38.12,38.17,274724,NRG
2020-02-10 15:30:00,38.17,38.32,38.15,38.3,337854,NRG
2020-02-10 16:00:00,38.29,38.3,38.01,38.23,0,NRG
2020-02-10 17:00:00,38.29,38.29,38.29,38.29,0,NRG
2020-02-11 08:00:00,38.29,38.29,38.29,38.29,0,NRG
2020-02-11 09:30:00,38.49,39.0,38.41,38.97,293534,NRG
2020-02-11 10:30:00,38.97,39.17,38.71,39.13,396948,NRG
2020-02-11 11:30:00,39.15,39.37,38.94,38.95,237027,NRG
2020-02-11 12:30:00,38.96,38.99,38.84,38.86,107381,NRG
2020-02-11 13:30:00,38.85,38.92,38.77,38.79,143552,NRG
2020-02-11 14:30:00,38.8,38.99,38.76,38.97,244157,NRG
2020-02-11 15:30:00,38.98,39.01,38.79,38.84,386716,NRG
2020-02-11 16:00:00,38.84,38.97,38.84,38.97,0,NRG
2020-02-11 17:00:00,38.84,38.84,38.84,38.84,0,NRG
2020-02-12 09:30:00,38.85,39.27,38.78,39.19,175093,NRG
2020-02-12 10:30:00,39.18,39.32,39.12,39.31,129511,NRG
2020-02-12 11:30:00,39.3,39.43,39.24,39.31,167751,NRG
2020-02-12 12:30:00,39.3,39.51,39.25,39.33,276276,NRG
2020-02-12 13:30:00,39.32,39.48,39.32,39.44,143461,NRG
2020-02-12 14:30:00,39.44,39.47,39.21,39.24,180165,NRG
2020-02-12 15:30:00,39.24,39.37,39.22,39.24,456394,NRG
2020-02-12 16:00:00,39.24,39.28,39.24,39.24,0,NRG
2020-02-12 17:00:00,39.24,39.24,39.24,39.24,0,NRG
2020-02-13 09:30:00,39.22,39.48,39.1,39.47,122814,NRG
2020-02-13 10:30:00,39.49,39.67,39.42,39.62,161638,NRG
2020-02-13 11:30:00,39.63,39.7,39.45,39.53,199855,NRG
2020-02-13 12:30:00,39.51,39.54,39.38,39.51,163317,NRG
2020-02-13 13:30:00,39.52,39.7,39.49,39.69,406992,NRG
2020-02-13 14:30:00,39.69,39.7,39.47,39.58,186742,NRG
2020-02-13 15:30:00,39.59,39.65,39.54,39.56,292708,NRG
2020-02-13 16:00:00,39.56,39.61,39.55,39.61,0,NRG
2020-02-13 17:00:00,39.56,39.56,39.56,39.56,0,NRG
2020-02-14 09:30:00,39.56,39.81,39.51,39.65,148033,NRG
2020-02-14 10:30:00,39.66,39.81,39.62,39.78,206938,NRG
2020-02-14 11:30:00,39.78,39.81,39.74,39.77,137896,NRG
2020-02-14 12:30:00,39.76,39.83,39.74,39.76,86150,NRG
2020-02-14 13:30:00,39.76,39.9,39.76,39.9,205033,NRG
2020-02-14 14:30:00,39.9,40.01,39.85,39.94,273256,NRG
2020-02-14 15:30:00,39.94,40.06,39.94,40.06,465918,NRG
2020-02-14 16:00:00,40.06,40.06,39.98,40.06,0,NRG
2020-02-14 17:00:00,40.06,40.06,40.06,40.06,0,NRG
2020-02-18 09:30:00,39.94,40.25,39.76,40.05,184745,NRG
2020-02-18 10:30:00,40.07,40.24,40.04,40.14,133278,NRG
2020-02-18 11:30:00,40.14,40.17,39.98,40.06,103116,NRG
2020-02-18 12:30:00,40.05,40.11,39.99,40.06,125265,NRG
2020-02-18 13:30:00,40.06,40.1,39.78,39.88,182693,NRG
2020-02-18 14:30:00,39.88,39.9,39.76,39.83,237171,NRG
2020-02-18 15:30:00,39.83,39.96,39.77,39.96,497789,NRG
2020-02-18 16:00:00,39.95,39.95,39.95,39.95,0,NRG
2020-02-18 17:00:00,39.95,39.95,39.95,39.95,0,NRG
2020-02-19 09:30:00,40.11,40.15,39.76,39.84,158884,NRG
2020-02-19 10:30:00,39.85,39.95,39.71,39.71,172541,NRG
2020-02-19 11:30:00,39.72,39.87,39.66,39.69,145614,NRG
2020-02-19 12:30:00,39.69,39.93,39.69,39.85,167867,NRG
2020-02-19 13:30:00,39.85,39.86,39.62,39.65,259589,NRG
2020-02-19 14:30:00,39.65,39.72,39.49,39.5,299936,NRG
2020-02-19 15:30:00,39.5,39.59,39.39,39.4,485442,NRG
2020-02-19 16:00:00,39.41,39.66,39.4,39.53,0,NRG
2020-02-20 09:30:00,39.25,39.25,38.5,38.63,428146,NRG
2020-02-20 10:30:00,38.62,38.81,38.44,38.49,245452,NRG
2020-02-20 11:30:00,38.49,38.66,38.28,38.66,235963,NRG
2020-02-20 12:30:00,38.66,38.8,38.64,38.74,148366,NRG
2020-02-20 13:30:00,38.75,38.88,38.7,38.79,155691,NRG
2020-02-20 14:30:00,38.8,38.93,38.77,38.9,204582,NRG
2020-02-20 15:30:00,38.9,39.04,38.9,39.04,441725,NRG
2020-02-20 16:00:00,39.04,39.04,38.84,38.9,0,NRG
2020-02-20 17:00:00,39.04,39.04,39.04,39.04,0,NRG
2020-02-21 08:00:00,39.04,39.04,39.04,39.04,0,NRG
2020-02-21 09:30:00,38.89,39.15,38.81,39.13,224569,NRG
2020-02-21 10:30:00,39.12,39.14,38.88,39.0,117011,NRG
2020-02-21 11:30:00,39.01,39.04,38.86,39.03,81176,NRG
2020-02-21 12:30:00,39.04,39.04,38.92,38.98,116335,NRG
2020-02-21 13:30:00,38.99,39.14,38.93,39.12,148137,NRG
2020-02-21 14:30:00,39.12,39.29,38.99,39.29,211128,NRG
2020-02-21 15:30:00,39.28,39.4,39.23,39.38,587694,NRG
2020-02-21 16:00:00,39.38,39.38,39.37,39.38,0,NRG
2020-02-24 08:00:00,39.38,39.38,38.99,39.0,0,NRG
2020-02-24 09:30:00,38.79,39.03,38.07,38.17,383247,NRG
2020-02-24 10:30:00,38.18,38.64,38.16,38.48,337533,NRG
2020-02-24 11:30:00,38.49,38.55,38.37,38.38,187564,NRG
2020-02-24 12:30:00,38.38,38.48,38.2,38.34,166151,NRG
2020-02-24 13:30:00,38.33,38.58,38.33,38.46,180799,NRG
2020-02-24 14:30:00,38.47,38.53,38.42,38.47,243264,NRG
2020-02-24 15:30:00,38.47,38.47,38.12,38.14,708067,NRG
2020-02-24 16:00:00,38.13,38.14,38.13,38.14,0,NRG
2020-02-25 09:30:00,38.08,38.08,37.43,37.44,243655,NRG
2020-02-25 10:30:00,37.47,37.5,37.06,37.14,258913,NRG
2020-02-25 11:30:00,37.15,37.26,37.04,37.08,166036,NRG
2020-02-25 12:30:00,37.08,37.27,36.92,36.92,215067,NRG
2020-02-25 13:30:00,36.91,36.91,36.43,36.45,318299,NRG
2020-02-25 14:30:00,36.44,36.68,36.34,36.38,441751,NRG
2020-02-25 15:30:00,36.38,36.38,36.04,36.14,1210309,NRG
2020-02-25 16:00:00,36.14,36.57,36.13,36.57,0,NRG
2020-02-25 17:00:00,36.13,36.13,36.13,36.13,0,NRG
2020-02-26 09:30:00,36.12,36.29,35.9,36.11,279398,NRG
2020-02-26 10:30:00,36.12,36.3,35.93,35.97,248487,NRG
2020-02-26 11:30:00,35.97,36.15,35.46,35.59,211440,NRG
2020-02-26 12:30:00,35.59,35.73,35.52,35.65,289923,NRG
2020-02-26 13:30:00,35.64,35.66,35.25,35.4,330008,NRG
2020-02-26 14:30:00,35.4,35.46,35.23,35.39,479415,NRG
2020-02-26 15:30:00,35.39,35.4,35.03,35.04,813152,NRG
2020-02-26 16:00:00,35.04,35.94,35.04,35.05,0,NRG
2020-02-26 17:00:00,35.05,35.05,35.05,35.05,0,NRG
2020-02-27 08:00:00,35.07,35.07,35.07,35.07,0,NRG
2020-02-27 09:00:00,35.05,35.05,35.0,35.0,0,NRG
2020-02-27 09:30:00,34.85,35.0,33.51,33.71,538970,NRG
2020-02-27 10:30:00,33.74,34.96,33.53,34.86,550371,NRG
2020-02-27 11:30:00,34.87,35.42,34.46,35.08,582751,NRG
2020-02-27 12:30:00,35.1,35.41,35.03,35.04,207353,NRG
2020-02-27 13:30:00,35.04,35.06,34.66,34.94,297561,NRG
2020-02-27 14:30:00,34.96,35.07,34.76,34.76,367386,NRG
2020-02-27 15:30:00,34.76,34.96,34.49,34.5,851550,NRG
2020-02-27 16:00:00,34.5,34.61,34.5,34.5,0,NRG
2020-02-28 09:30:00,33.5,33.59,31.9,32.1,680708,NRG
2020-02-28 10:30:00,32.07,32.86,32.0,32.7,605320,NRG
2020-02-28 11:30:00,32.7,33.55,32.65,33.01,548209,NRG
2020-02-28 12:30:00,33.01,33.29,32.76,32.76,413633,NRG
2020-02-28 13:30:00,32.75,32.9,32.37,32.64,577126,NRG
2020-02-28 14:30:00,32.61,33.38,32.59,32.85,917868,NRG
2020-02-28 15:30:00,32.85,33.21,32.62,33.21,1359966,NRG
2020-02-28 16:00:00,33.21,33.21,32.61,32.61,0,NRG
2020-03-02 08:00:00,33.33,33.33,33.33,33.33,0,NRG
2020-03-02 09:30:00,33.31,33.54,32.86,33.51,597275,NRG
2020-03-02 10:30:00,33.52,33.76,33.4,33.68,578724,NRG
2020-03-02 11:30:00,33.69,33.99,33.61,33.9,420737,NRG
2020-03-02 12:30:00,33.9,34.08,33.44,33.51,356105,NRG
2020-03-02 13:30:00,33.53,33.74,33.35,33.52,347831,NRG
2020-03-02 14:30:00,33.54,33.74,33.34,33.69,439963,NRG
2020-03-02 15:30:00,33.7,34.19,33.64,34.15,711263,NRG
2020-03-02 16:00:00,34.17,34.17,33.71,34.17,0,NRG
2020-03-02 17:00:00,34.17,34.17,34.17,34.17,0,NRG
2020-03-03 09:30:00,34.21,34.97,33.78,34.3,464430,NRG
2020-03-03 10:30:00,34.31,34.71,33.5,33.58,323744,NRG
2020-03-03 11:30:00,33.58,34.33,33.54,34.09,281380,NRG
2020-03-03 12:30:00,34.11,34.16,33.61,33.72,215855,NRG
2020-03-03 13:30:00,33.7,33.83,33.05,33.46,343661,NRG
2020-03-03 14:30:00,33.48,33.89,33.31,33.84,436776,NRG
2020-03-03 15:30:00,33.85,33.86,33.18,33.29,614842,NRG
2020-03-03 16:00:00,33.3,33.3,33.3,33.3,0,NRG
2020-03-03 17:00:00,33.3,33.3,33.3,33.3,0,NRG
2020-03-04 09:30:00,33.77,34.62,33.72,34.57,392419,NRG
2020-03-04 10:30:00,34.57,34.59,34.23,34.53,589940,NRG
2020-03-04 11:30:00,34.56,34.58,34.34,34.54,359678,NRG
2020-03-04 12:30:00,34.54,35.06,34.48,34.9,507151,NRG
2020-03-04 13:30:00,34.88,35.15,34.83,34.98,316211,NRG
2020-03-04 14:30:00,34.99,35.19,34.88,35.19,473467,NRG
2020-03-04 15:30:00,35.19,35.5,35.14,35.45,912178,NRG
2020-03-04 16:00:00,35.44,35.45,34.93,35.45,0,NRG
2020-03-04 17:00:00,35.45,35.45,35.45,35.45,0,NRG
2020-03-05 09:30:00,34.55,34.94,34.4,34.44,399353,NRG
2020-03-05 10:30:00,34.44,35.1,34.36,35.04,376954,NRG
2020-03-05 11:30:00,35.03,35.04,34.56,34.6,186230,NRG
2020-03-05 12:30:00,34.6,34.78,34.44,34.78,241629,NRG
2020-03-05 13:30:00,34.79,34.94,34.25,34.28,289398,NRG
2020-03-05 14:30:00,34.27,34.46,33.85,34.03,428896,NRG
2020-03-05 15:30:00,34.01,34.45,33.98,34.34,647874,NRG
2020-03-05 16:00:00,34.35,34.35,34.34,34.34,0,NRG
2020-03-05 17:00:00,34.35,34.35,34.35,34.35,0,NRG
2020-03-06 09:30:00,32.98,33.84,32.83,33.79,524413,NRG
2020-03-06 10:30:00,33.81,34.38,33.68,34.08,256982,NRG
2020-03-06 11:30:00,34.09,34.21,33.55,33.64,260784,NRG
2020-03-06 12:30:00,33.65,34.1,33.63,33.97,237230,NRG
2020-03-06 13:30:00,33.96,34.09,33.58,33.76,304987,NRG
2020-03-06 14:30:00,33.75,33.79,33.3,33.6,340692,NRG
2020-03-06 15:30:00,33.6,34.44,33.55,34.32,551152,NRG
2020-03-06 16:00:00,34.32,34.32,33.86,34.32,0,NRG
2020-03-06 17:00:00,34.32,34.32,34.32,34.32,0,NRG
2020-03-09 08:00:00,32.23,32.23,32.23,32.23,0,NRG
2020-03-09 09:30:00,31.53,31.87,30.91,31.36,695840,NRG
2020-03-09 10:30:00,31.36,31.58,30.61,31.23,885125,NRG
2020-03-09 11:30:00,31.21,31.32,30.67,30.72,344692,NRG
2020-03-09 12:30:00,30.69,30.71,30.13,30.26,400084,NRG
2020-03-09 13:30:00,30.26,30.26,29.56,29.56,476418,NRG
2020-03-09 14:30:00,29.56,30.13,29.33,30.04,752852,NRG
2020-03-09 15:30:00,30.03,30.44,29.9,30.1,959241,NRG
2020-03-09 16:00:00,30.13,31.35,30.1,30.1,0,NRG
2020-03-09 18:00:00,30.04,30.04,30.04,30.04,0,NRG
2020-03-09 19:00:00,30.0,30.0,30.0,30.0,0,NRG
2020-03-10 09:30:00,31.32,32.29,31.14,31.95,611252,NRG
2020-03-10 10:30:00,31.95,32.05,30.61,30.73,550227,NRG
2020-03-10 11:30:00,30.73,31.16,30.46,30.91,453964,NRG
2020-03-10 12:30:00,30.85,31.14,30.57,30.95,220279,NRG
2020-03-10 13:30:00,30.95,31.0,30.48,30.79,403481,NRG
2020-03-10 14:30:00,30.8,32.11,30.67,31.97,1008598,NRG
2020-03-10 15:30:00,31.96,32.37,31.53,32.35,899453,NRG
2020-03-10 16:00:00,32.35,32.35,31.53,32.35,0,NRG
2020-03-11 09:30:00,31.37,31.47,30.4,30.44,718729,NRG
2020-03-11 10:30:00,30.44,30.65,29.65,29.82,621987,NRG
2020-03-11 11:30:00,29.83,30.46,29.75,30.09,600086,NRG
2020-03-11 12:30:00,30.05,30.08,29.53,29.92,512992,NRG
2020-03-11 13:30:00,29.95,30.15,29.7,29.91,685165,NRG
2020-03-11 14:30:00,29.91,30.17,29.21,29.58,852316,NRG
2020-03-11 15:30:00,29.56,30.25,29.47,30.0,1172321,NRG
2020-03-11 16:00:00,30.0,30.04,30.0,30.04,0,NRG
2020-03-12 07:00:00,29.0,29.0,29.0,29.0,0,NRG
2020-03-12 08:00:00,29.0,30.0,29.0,30.0,0,NRG
2020-03-12 09:30:00,27.98,28.78,26.96,27.13,844452,NRG
2020-03-12 10:30:00,27.13,27.63,26.64,26.75,705215,NRG
2020-03-12 11:30:00,26.73,27.53,26.71,27.47,805514,NRG
2020-03-12 12:30:00,27.46,29.45,27.43,28.3,677526,NRG
2020-03-12 13:30:00,28.31,28.45,27.4,27.49,587930,NRG
2020-03-12 14:30:00,27.48,27.48,26.64,26.65,902619,NRG
2020-03-12 15:30:00,26.64,27.4,26.46,26.6,1394783,NRG
2020-03-12 16:00:00,26.6,27.28,26.6,26.6,0,NRG
2020-03-12 18:00:00,26.6,26.6,26.6,26.6,0,NRG
2020-03-13 09:30:00,28.38,28.83,27.36,28.1,596113,NRG
2020-03-13 10:30:00,28.1,28.19,26.44,26.44,471831,NRG
2020-03-13 11:30:00,26.43,26.76,26.04,26.22,455017,NRG
2020-03-13 12:30:00,26.23,26.58,25.86,26.54,782140,NRG
2020-03-13 13:30:00,26.53,27.15,26.37,26.47,481946,NRG
2020-03-13 14:30:00,26.48,27.15,26.01,27.13,753794,NRG
2020-03-13 15:30:00,27.14,28.88,26.58,28.85,1177189,NRG
2020-03-13 16:00:00,28.88,28.88,27.27,28.85,0,NRG
2020-03-13 17:00:00,28.85,28.85,28.85,28.85,0,NRG
2020-03-16 09:00:00,28.85,28.85,28.85,28.85,0,NRG
2020-03-16 09:30:00,25.41,27.17,25.41,26.53,403089,NRG
2020-03-16 10:30:00,26.51,28.57,26.49,28.14,384518,NRG
2020-03-16 11:30:00,28.17,28.29,26.7,26.92,337145,NRG
2020-03-16 12:30:00,26.93,27.01,26.34,26.53,328783,NRG
2020-03-16 13:30:00,26.52,26.52,25.53,25.75,405881,NRG
2020-03-16 14:30:00,25.75,26.61,25.58,25.58,583110,NRG
2020-03-16 15:30:00,25.55,25.57,24.75,24.89,862934,NRG
2020-03-16 16:00:00,24.89,26.06,24.88,24.89,0,NRG
2020-03-16 17:00:00,24.89,24.89,24.89,24.89,0,NRG
2020-03-17 09:30:00,25.57,25.86,24.09,25.31,499881,NRG
2020-03-17 10:30:00,25.3,26.33,25.24,25.77,505314,NRG
2020-03-17 11:30:00,25.75,26.53,25.54,25.58,318774,NRG
2020-03-17 12:30:00,25.59,25.82,24.64,24.76,349930,NRG
2020-03-17 13:30:00,24.75,25.44,24.58,25.16,457638,NRG
2020-03-17 14:30:00,25.16,25.34,23.51,23.57,778211,NRG
2020-03-17 15:30:00,23.56,23.82,23.24,23.57,1222046,NRG
2020-03-17 16:00:00,23.57,24.55,23.57,24.54,0,NRG
2020-03-17 17:00:00,23.51,23.51,23.51,23.51,0,NRG
2020-03-17 18:00:00,23.57,23.57,23.57,23.57,0,NRG
2020-03-18 09:30:00,21.62,22.11,20.26,20.43,847674,NRG
2020-03-18 10:30:00,20.65,20.96,19.76,19.8,608202,NRG
2020-03-18 11:30:00,19.82,20.78,19.54,20.66,660193,NRG
2020-03-18 12:30:00,20.68,21.37,20.39,21.27,380370,NRG
2020-03-18 13:30:00,21.28,21.69,20.51,21.32,769615,NRG
2020-03-18 14:30:00,21.29,22.27,21.09,21.57,853220,NRG
2020-03-18 15:30:00,21.56,22.02,21.35,21.99,886222,NRG
2020-03-18 16:00:00,21.99,21.99,21.07,21.99,0,NRG
2020-03-18 17:00:00,21.89,21.99,21.89,21.99,0,NRG
2020-03-19 07:00:00,22.06,22.06,22.06,22.06,0,NRG
2020-03-19 09:30:00,21.98,22.99,20.55,22.86,525423,NRG
2020-03-19 10:30:00,22.85,23.31,22.51,23.31,273176,NRG
2020-03-19 11:30:00,23.33,24.06,22.42,22.78,369882,NRG
2020-03-19 12:30:00,22.8,23.31,22.33,22.83,466455,NRG
2020-03-19 13:30:00,22.84,23.89,22.8,23.43,474037,NRG
2020-03-19 14:30:00,23.49,24.18,23.27,23.83,531945,NRG
2020-03-19 15:30:00,23.84,24.3,23.72,23.95,721217,NRG
2020-03-19 16:00:00,23.95,23.95,23.95,23.95,0,NRG
2020-03-20 08:00:00,23.95,23.95,23.95,23.95,0,NRG
2020-03-20 09:30:00,24.39,25.23,24.05,25.08,745333,NRG
2020-03-20 10:30:00,25.12,25.68,24.06,24.54,610200,NRG
2020-03-20 11:30:00,24.47,25.39,24.3,25.13,415009,NRG
2020-03-20 12:30:00,25.08,25.41,24.96,25.25,276137,NRG
2020-03-20 13:30:00,25.25,25.46,24.77,25.1,531924,NRG
2020-03-20 14:30:00,25.12,25.2,24.13,24.73,690447,NRG
2020-03-20 15:30:00,24.72,25.06,22.92,23.25,1570478,NRG
2020-03-20 16:00:00,23.31,24.33,23.31,24.13,0,NRG
2020-03-20 17:00:00,23.31,23.31,23.31,23.31,0,NRG
2020-03-20 19:00:00,23.3,23.3,23.3,23.3,0,NRG
2020-03-23 07:00:00,23.25,23.25,23.25,23.25,0,NRG
2020-03-23 09:30:00,23.1,23.1,21.91,22.35,618152,NRG
2020-03-23 10:30:00,22.38,22.5,21.15,21.25,491628,NRG
2020-03-23 11:30:00,21.23,21.56,20.97,21.49,456085,NRG
2020-03-23 12:30:00,21.49,21.86,21.18,21.64,312062,NRG
2020-03-23 13:30:00,21.61,22.18,21.21,22.01,649095,NRG
2020-03-23 14:30:00,22.01,22.19,21.68,21.97,671428,NRG
2020-03-23 15:30:00,21.93,22.43,21.58,22.16,1009593,NRG
2020-03-23 16:00:00,22.16,22.16,21.85,21.85,0,NRG
2020-03-23 17:00:00,22.16,22.16,22.16,22.16,0,NRG
2020-03-24 09:30:00,23.35,25.52,23.35,24.97,590786,NRG
2020-03-24 10:30:00,24.95,25.12,24.58,24.61,474922,NRG
2020-03-24 11:30:00,24.64,25.33,24.22,25.33,389446,NRG
2020-03-24 12:30:00,25.33,25.34,24.9,25.14,520323,NRG
2020-03-24 13:30:00,25.15,25.18,24.11,24.17,474302,NRG
2020-03-24 14:30:00,24.17,25.11,23.91,25.11,477145,NRG
2020-03-24 15:30:00,25.12,26.02,25.11,25.76,760765,NRG
2020-03-24 16:00:00,25.75,26.0,25.75,25.76,0,NRG
2020-03-24 17:00:00,25.76,25.76,25.76,25.76,0,NRG
2020-03-25 07:00:00,26.42,26.42,26.42,26.42,0,NRG
2020-03-25 09:30:00,25.83,26.83,24.33,24.48,606492,NRG
2020-03-25 10:30:00,24.49,25.29,24.49,25.24,570052,NRG
2020-03-25 11:30:00,25.24,25.87,25.04,25.71,449250,NRG
2020-03-25 12:30:00,25.72,26.89,25.64,26.77,490700,NRG
2020-03-25 13:30:00,26.8,27.47,26.4,26.95,612420,NRG
2020-03-25 14:30:00,26.97,27.17,26.72,26.73,666484,NRG
2020-03-25 15:30:00,26.7,27.15,26.02,26.29,759863,NRG
2020-03-25 16:00:00,26.24,26.68,26.14,26.68,0,NRG
2020-03-25 17:00:00,26.14,26.14,26.14,26.14,0,NRG
2020-03-26 09:00:00,26.0,26.1,26.0,26.1,0,NRG
2020-03-26 09:30:00,26.59,27.93,26.2,27.72,430191,NRG
2020-03-26 10:30:00,27.76,28.31,27.2,28.3,361657,NRG
2020-03-26 11:30:00,28.29,28.72,28.06,28.5,413914,NRG
2020-03-26 12:30:00,28.5,28.51,27.83,27.93,392692,NRG
2020-03-26 13:30:00,27.93,28.49,27.73,27.97,310635,NRG
2020-03-26 14:30:00,27.95,28.32,27.85,28.12,393237,NRG
2020-03-26 15:30:00,28.14,28.39,27.77,28.18,839720,NRG
2020-03-26 16:00:00,28.24,28.24,28.03,28.08,0,NRG
2020-03-26 17:00:00,28.24,28.24,28.24,28.24,0,NRG
2020-03-27 09:00:00,28.09,28.09,28.09,28.09,0,NRG
2020-03-27 09:30:00,26.83,28.47,26.83,28.09,569647,NRG
2020-03-27 10:30:00,28.11,28.36,27.47,28.03,253048,NRG
2020-03-27 11:30:00,28.0,28.55,27.78,28.49,277548,NRG
2020-03-27 12:30:00,28.47,29.13,28.43,28.91,284636,NRG
2020-03-27 13:30:00,28.96,29.55,28.91,29.42,391876,NRG
2020-03-27 14:30:00,29.38,30.39,29.26,30.17,563974,NRG
2020-03-27 15:30:00,30.16,30.21,29.27,29.59,607023,NRG
2020-03-27 16:00:00,29.56,29.59,28.97,29.55,0,NRG
2020-03-27 17:00:00,29.55,29.55,29.55,29.55,0,NRG
2020-03-30 08:00:00,29.55,29.55,29.55,29.55,0,NRG
2020-03-30 09:30:00,29.65,30.0,27.51,27.66,579660,NRG
2020-03-30 10:30:00,27.69,28.1,27.56,28.07,410207,NRG
2020-03-30 11:30:00,28.08,28.77,27.99,28.53,354974,NRG
2020-03-30 12:30:00,28.53,28.85,28.38,28.7,192680,NRG
2020-03-30 13:30:00,28.75,28.81,28.22,28.35,334514,NRG
2020-03-30 14:30:00,28.29,28.93,28.24,28.66,403180,NRG
2020-03-30 15:30:00,28.64,28.75,28.35,28.45,734530,NRG
2020-03-30 16:00:00,28.45,28.55,28.45,28.45,0,NRG
2020-03-31 08:00:00,29.0,29.0,28.45,28.45,0,NRG
2020-03-31 09:00:00,28.2,28.44,28.2,28.44,0,NRG
2020-03-31 09:30:00,28.63,28.63,27.36,27.72,394598,NRG
2020-03-31 10:30:00,27.72,27.92,27.57,27.84,250486,NRG
2020-03-31 11:30:00,27.83,28.0,27.49,27.6,229421,NRG
2020-03-31 12:30:00,27.63,27.66,26.97,27.08,227619,NRG
2020-03-31 13:30:00,27.09,27.72,26.97,27.48,231846,NRG
2020-03-31 14:30:00,27.48,27.69,26.97,27.06,278982,NRG
2020-03-31 15:30:00,27.07,27.42,27.04,27.26,642557,NRG
2020-03-31 16:00:00,27.26,27.44,27.26,27.41,0,NRG
2020-03-31 18:00:00,27.26,27.26,27.26,27.26,0,NRG
2020-04-01 09:00:00,27.26,27.26,27.26,27.26,0,NRG
2020-04-01 09:30:00,26.33,26.33,25.3,25.73,497046,NRG
2020-04-01 10:30:00,25.73,26.3,25.57,26.17,346055,NRG
2020-04-01 11:30:00,26.17,26.32,26.01,26.3,590069,NRG
2020-04-01 12:30:00,26.35,26.56,26.15,26.53,356455,NRG
2020-04-01 13:30:00,26.51,26.82,26.35,26.59,334876,NRG
2020-04-01 14:30:00,26.57,26.65,26.43,26.63,487255,NRG
2020-04-01 15:30:00,26.62,26.97,26.36,26.85,978815,NRG
2020-04-01 16:00:00,26.84,26.84,26.39,26.46,0,NRG
2020-04-01 17:00:00,26.84,26.84,26.84,26.84,0,NRG
2020-04-02 09:30:00,26.67,27.41,26.07,27.38,709313,NRG
2020-04-02 10:30:00,27.26,27.91,27.05,27.32,557298,NRG
2020-04-02 11:30:00,27.32,27.56,27.01,27.07,513423,NRG
2020-04-02 12:30:00,27.08,27.43,26.65,26.69,473610,NRG
2020-04-02 13:30:00,26.69,27.1,26.69,27.08,592937,NRG
2020-04-02 14:30:00,27.08,27.43,26.96,27.31,657693,NRG
2020-04-02 15:30:00,27.31,28.03,27.09,27.8,1032407,NRG
2020-04-02 16:00:00,27.79,27.79,27.28,27.33,0,NRG
2020-04-02 17:00:00,27.6,27.6,27.6,27.6,0,NRG
2020-04-02 19:00:00,27.61,27.63,27.61,27.63,0,NRG
2020-04-03 09:00:00,27.78,27.79,27.78,27.79,0,NRG
2020-04-03 09:30:00,27.5,28.12,27.3,27.68,646330,NRG
2020-04-03 10:30:00,27.7,27.79,27.26,27.32,443412,NRG
2020-04-03 11:30:00,27.29,27.33,26.5,26.67,324092,NRG
2020-04-03 12:30:00,26.65,26.71,26.08,26.18,247050,NRG
2020-04-03 13:30:00,26.18,26.39,25.97,26.39,216733,NRG
2020-04-03 14:30:00,26.36,26.48,26.02,26.45,508325,NRG
2020-04-03 15:30:00,26.44,26.47,25.75,26.22,1338398,NRG
2020-04-03 16:00:00,26.21,26.43,26.21,26.28,0,NRG
2020-04-06 09:30:00,27.62,27.81,27.0,27.03,354029,NRG
2020-04-06 10:30:00,27.03,27.13,26.42,26.55,316381,NRG
2020-04-06 11:30:00,26.56,26.98,26.51,26.89,321444,NRG
2020-04-06 12:30:00,26.89,27.04,26.78,27.04,211759,NRG
2020-04-06 13:30:00,27.03,27.26,26.8,26.98,278600,NRG
2020-04-06 14:30:00,26.97,27.19,26.82,27.0,317742,NRG
2020-04-06 15:30:00,26.99,27.49,26.97,27.19,718147,NRG
2020-04-06 16:00:00,27.24,27.24,27.08,27.24,0,NRG
2020-04-06 17:00:00,26.73,26.73,26.73,26.73,0,NRG
2020-04-07 09:00:00,27.67,27.67,27.24,27.24,0,NRG
2020-04-07 09:30:00,28.64,29.12,28.07,28.25,343954,NRG
2020-04-07 10:30:00,28.25,28.49,27.9,28.33,528227,NRG
2020-04-07 11:30:00,28.35,28.68,28.21,28.65,368947,NRG
2020-04-07 12:30:00,28.68,28.77,28.24,28.36,219147,NRG
2020-04-07 13:30:00,28.36,28.4,27.72,28.05,340269,NRG
2020-04-07 14:30:00,28.03,28.13,27.27,27.4,455666,NRG
2020-04-07 15:30:00,27.42,27.94,27.27,27.36,492449,NRG
2020-04-07 16:00:00,27.36,27.36,27.36,27.36,0,NRG
2020-04-08 09:30:00,27.45,28.16,27.2,28.14,204126,NRG
2020-04-08 10:30:00,28.14,28.86,28.06,28.72,181608,NRG
2020-04-08 11:30:00,28.74,28.85,28.42,28.56,162551,NRG
2020-04-08 12:30:00,28.57,28.65,28.3,28.56,170889,NRG
2020-04-08 13:30:00,28.57,29.0,28.34,28.94,168389,NRG
2020-04-08 14:30:00,28.96,29.27,28.95,29.25,293443,NRG
2020-04-08 15:30:00,29.27,29.84,29.27,29.41,879744,NRG
2020-04-08 16:00:00,29.45,29.45,29.01,29.45,0,NRG
2020-04-08 17:00:00,29.93,29.93,29.93,29.93,0,NRG
2020-04-09 07:00:00,29.7,29.7,29.7,29.7,0,NRG
2020-04-09 09:30:00,30.25,31.5,30.2,30.82,744639,NRG
2020-04-09 10:30:00,30.82,31.27,30.73,31.15,429196,NRG
2020-04-09 11:30:00,31.12,31.5,31.05,31.32,255793,NRG
2020-04-09 12:30:00,31.32,31.8,31.28,31.48,504945,NRG
2020-04-09 13:30:00,31.48,31.55,30.91,30.98,415299,NRG
2020-04-09 14:30:00,30.95,31.12,30.15,30.75,720683,NRG
2020-04-09 15:30:00,30.76,30.9,30.47,30.75,619682,NRG
2020-04-09 16:00:00,30.73,30.95,30.73,30.76,0,NRG
2020-04-09 18:00:00,30.8,30.8,30.8,30.8,0,NRG
2020-04-13 06:00:00,30.75,30.75,30.74,30.74,0,NRG
2020-04-13 07:00:00,30.74,30.74,30.74,30.74,0,NRG
2020-04-13 09:00:00,31.0,31.0,31.0,31.0,0,NRG
2020-04-13 09:30:00,30.47,30.75,29.61,29.9,249958,NRG
2020-04-13 10:30:00,29.89,29.89,29.22,29.39,231628,NRG
2020-04-13 11:30:00,29.37,30.21,29.22,29.96,198642,NRG
2020-04-13 12:30:00,29.95,29.95,29.37,29.47,169824,NRG
2020-04-13 13:30:00,29.45,29.9,29.45,29.6,170290,NRG
2020-04-13 14:30:00,29.6,29.92,29.49,29.78,200482,NRG
2020-04-13 15:30:00,29.78,30.17,29.76,29.96,367173,NRG
2020-04-13 16:00:00,29.98,29.98,21.65,21.65,0,NRG
2020-04-13 17:00:00,29.98,29.98,29.98,29.98,0,NRG
2020-04-13 18:00:00,29.98,29.98,29.98,29.98,0,NRG
2020-04-14 09:30:00,30.46,30.77,29.51,30.56,530533,NRG
2020-04-14 10:30:00,30.58,30.71,30.06,30.15,300404,NRG
2020-04-14 11:30:00,30.15,30.43,29.95,30.21,234177,NRG
2020-04-14 12:30:00,30.22,30.28,30.07,30.11,195445,NRG
2020-04-14 13:30:00,30.12,30.37,30.07,30.22,280852,NRG
2020-04-14 14:30:00,30.22,30.43,30.14,30.43,235851,NRG
2020-04-14 15:30:00,30.43,30.51,30.35,30.42,377831,NRG
2020-04-14 16:00:00,30.42,30.42,30.41,30.41,0,NRG
2020-04-15 09:30:00,29.5,29.87,29.19,29.25,345837,NRG
2020-04-15 10:30:00,29.2,29.42,29.09,29.28,711868,NRG
2020-04-15 11:30:00,29.29,29.43,29.06,29.38,187602,NRG
2020-04-15 12:30:00,29.36,29.84,29.29,29.45,171444,NRG
2020-04-15 13:30:00,29.46,29.76,29.38,29.57,235013,NRG
2020-04-15 14:30:00,29.57,29.77,29.42,29.51,293505,NRG
2020-04-15 15:30:00,29.51,29.56,29.28,29.5,527369,NRG
2020-04-15 16:00:00,29.49,29.5,29.43,29.5,0,NRG
2020-04-15 17:00:00,29.5,29.5,29.5,29.5,0,NRG
2020-04-16 09:30:00,29.5,29.5,28.61,29.0,607152,NRG
2020-04-16 10:30:00,29.01,29.4,28.98,29.15,629657,NRG
2020-04-16 11:30:00,29.13,29.39,28.97,29.16,307755,NRG
2020-04-16 12:30:00,29.15,29.25,29.07,29.17,242298,NRG
2020-04-16 13:30:00,29.16,29.56,29.09,29.49,333023,NRG
2020-04-16 14:30:00,29.48,29.7,29.37,29.7,449115,NRG
2020-04-16 15:30:00,29.71,29.89,29.55,29.71,852873,NRG
2020-04-16 16:00:00,29.69,29.69,29.18,29.69,0,NRG
2020-04-17 09:30:00,30.16,31.2,30.16,30.31,611116,NRG
2020-04-17 10:30:00,30.33,30.48,30.16,30.24,305249,NRG
2020-04-17 11:30:00,30.25,30.6,30.24,30.42,302713,NRG
2020-04-17 12:30:00,30.42,30.95,30.33,30.86,196085,NRG
2020-04-17 13:30:00,30.87,31.05,30.69,30.75,182113,NRG
2020-04-17 14:30:00,30.74,30.97,30.68,30.93,258321,NRG
2020-04-17 15:30:00,30.95,31.51,30.95,31.38,659351,NRG
2020-04-17 16:00:00,31.37,31.37,30.93,31.37,0,NRG
2020-04-17 17:00:00,31.37,31.37,31.37,31.37,0,NRG
2020-04-20 09:00:00,31.2,31.2,31.2,31.2,0,NRG
2020-04-20 09:30:00,30.71,31.42,30.51,31.19,336798,NRG
2020-04-20 10:30:00,31.2,31.76,31.11,31.51,313112,NRG
2020-04-20 11:30:00,31.51,31.87,31.42,31.6,234574,NRG
2020-04-20 12:30:00,31.63,31.74,31.21,31.28,168856,NRG
2020-04-20 13:30:00,31.29,31.41,30.98,31.0,261692,NRG
2020-04-20 14:30:00,31.0,31.16,30.73,30.85,366546,NRG
2020-04-20 15:30:00,30.86,31.11,30.8,31.05,433948,NRG
2020-04-20 16:00:00,31.03,31.16,31.03,31.16,0,NRG
2020-04-21 07:00:00,31.1,31.1,31.1,31.1,0,NRG
2020-04-21 09:30:00,29.91,30.98,29.9,30.64,568658,NRG
2020-04-21 10:30:00,30.65,30.75,29.97,30.05,312214,NRG
2020-04-21 11:30:00,30.07,30.22,29.81,29.94,182923,NRG
2020-04-21 12:30:00,29.95,30.24,29.75,30.24,194696,NRG
2020-04-21 13:30:00,30.23,30.39,30.05,30.27,257248,NRG
2020-04-21 14:30:00,30.28,30.3,30.07,30.2,249460,NRG
2020-04-21 15:30:00,30.19,30.42,30.12,30.3,574866,NRG
2020-04-21 16:00:00,30.31,30.31,30.29,30.29,0,NRG
2020-04-22 09:30:00,31.07,31.21,30.23,30.62,311310,NRG
2020-04-22 10:30:00,30.64,30.91,30.5,30.83,203017,NRG
2020-04-22 11:30:00,30.83,30.99,30.78,30.91,132540,NRG
2020-04-22 12:30:00,30.92,30.96,30.73,30.92,108850,NRG
2020-04-22 13:30:00,30.93,31.1,30.9,31.07,185509,NRG
2020-04-22 14:30:00,31.07,31.17,31.02,31.12,241348,NRG
2020-04-22 15:30:00,31.12,31.33,31.08,31.09,363763,NRG
2020-04-22 16:00:00,31.1,31.1,30.93,30.93,0,NRG
2020-04-23 09:00:00,31.09,31.09,31.09,31.09,0,NRG
2020-04-23 09:30:00,31.25,31.61,31.11,31.38,200812,NRG
2020-04-23 10:30:00,31.37,31.65,31.35,31.52,272248,NRG
2020-04-23 11:30:00,31.53,31.59,31.43,31.48,247148,NRG
2020-04-23 12:30:00,31.47,31.51,30.98,31.23,261267,NRG
2020-04-23 13:30:00,31.22,31.29,30.83,31.12,155551,NRG
2020-04-23 14:30:00,31.1,31.4,31.05,31.36,231405,NRG
2020-04-23 15:30:00,31.37,31.45,31.16,31.22,329846,NRG
2020-04-23 16:00:00,31.23,31.23,31.23,31.23,0,NRG
2020-04-23 17:00:00,31.38,31.38,31.38,31.38,0,NRG
2020-04-24 09:30:00,31.53,32.09,31.45,31.78,333286,NRG
2020-04-24 10:30:00,31.76,31.89,31.62,31.79,190653,NRG
2020-04-24 11:30:00,31.79,31.98,31.73,31.98,179834,NRG
2020-04-24 12:30:00,31.97,32.25,31.87,32.23,133930,NRG
2020-04-24 13:30:00,32.23,32.42,32.19,32.36,215679,NRG
2020-04-24 14:30:00,32.37,32.73,32.37,32.69,311958,NRG
2020-04-24 15:30:00,32.71,32.81,32.48,32.61,630907,NRG
2020-04-24 16:00:00,32.6,32.6,32.03,32.6,0,NRG
2020-04-24 17:00:00,32.6,32.6,32.6,32.6,0,NRG
2020-04-27 08:00:00,32.91,32.91,32.9,32.9,0,NRG
2020-04-27 09:30:00,33.24,33.44,32.72,33.02,378852,NRG
2020-04-27 10:30:00,33.03,33.35,33.01,33.16,261483,NRG
2020-04-27 11:30:00,33.17,33.49,33.12,33.47,236736,NRG
2020-04-27 12:30:00,33.47,33.49,33.19,33.22,239327,NRG
2020-04-27 13:30:00,33.22,33.45,33.21,33.4,245141,NRG
2020-04-27 14:30:00,33.4,33.83,33.4,33.69,289084,NRG
2020-04-27 15:30:00,33.7,33.78,33.65,33.68,504767,NRG
2020-04-27 16:00:00,33.68,33.68,33.68,33.68,0,NRG
2020-04-27 18:00:00,33.9,33.9,33.9,33.9,0,NRG
2020-04-27 19:00:00,33.99,33.99,33.99,33.99,0,NRG
2020-04-28 07:00:00,34.0,34.0,34.0,34.0,0,NRG
2020-04-28 09:30:00,34.81,35.64,34.74,34.86,794498,NRG
2020-04-28 10:30:00,34.86,34.88,33.78,33.79,355405,NRG
2020-04-28 11:30:00,33.79,33.96,33.55,33.57,416741,NRG
2020-04-28 12:30:00,33.57,33.79,33.47,33.62,276928,NRG
2020-04-28 13:30:00,33.61,33.99,33.56,33.92,263767,NRG
2020-04-28 14:30:00,33.92,34.04,33.83,33.9,442201,NRG
2020-04-28 15:30:00,33.89,33.95,33.58,33.71,602078,NRG
2020-04-28 16:00:00,33.72,33.95,33.71,33.71,0,NRG
2020-04-29 09:30:00,34.72,34.79,34.05,34.49,671123,NRG
2020-04-29 10:30:00,34.49,35.0,34.42,34.88,548846,NRG
2020-04-29 11:30:00,34.87,34.99,34.72,34.95,248717,NRG
2020-04-29 12:30:00,34.97,35.13,34.82,34.82,190764,NRG
2020-04-29 13:30:00,34.82,34.87,34.35,34.59,343122,NRG
2020-04-29 14:30:00,34.6,34.85,34.48,34.82,349291,NRG
2020-04-29 15:30:00,34.83,35.03,34.56,34.64,897130,NRG
2020-04-29 16:00:00,34.68,34.68,34.64,34.68,0,NRG
2020-04-29 17:00:00,34.64,34.64,34.64,34.64,0,NRG
2020-04-30 09:30:00,34.16,34.16,33.08,33.6,347968,NRG
2020-04-30 10:30:00,33.6,33.65,33.19,33.34,463265,NRG
2020-04-30 11:30:00,33.33,33.54,33.01,33.07,215135,NRG
2020-04-30 12:30:00,33.06,33.35,32.95,33.16,132472,NRG
2020-04-30 13:30:00,33.16,33.26,33.08,33.2,131392,NRG
2020-04-30 14:30:00,33.21,33.53,33.16,33.45,263676,NRG
2020-04-30 15:30:00,33.45,33.71,33.31,33.63,392219,NRG
2020-04-30 16:00:00,33.53,33.53,33.39,33.53,0,NRG
2020-04-30 17:00:00,33.53,33.53,33.53,33.53,0,NRG
2020-05-01 09:30:00,32.92,33.03,32.32,32.49,279936,NRG
2020-05-01 10:30:00,32.53,32.7,32.37,32.48,236097,NRG
2020-05-01 11:30:00,32.47,32.57,32.25,32.48,219581,NRG
2020-05-01 12:30:00,32.47,32.63,32.32,32.63,193881,NRG
2020-05-01 13:30:00,32.59,32.79,32.44,32.73,134140,NRG
2020-05-01 14:30:00,32.74,32.95,32.69,32.89,200421,NRG
2020-05-01 15:30:00,32.87,33.0,32.78,32.98,306213,NRG
2020-05-01 16:00:00,32.97,32.97,32.67,32.97,0,NRG
2020-05-04 09:30:00,32.74,32.91,32.07,32.37,526722,NRG
2020-05-04 10:30:00,32.36,32.54,32.08,32.39,223961,NRG
2020-05-04 11:30:00,32.4,32.7,32.35,32.6,153368,NRG
2020-05-04 12:30:00,32.6,32.65,32.56,32.62,225390,NRG
2020-05-04 13:30:00,32.63,32.84,32.6,32.65,191149,NRG
2020-05-04 14:30:00,32.64,33.05,32.59,32.95,255049,NRG
2020-05-04 15:30:00,32.95,33.11,32.8,32.95,405925,NRG
2020-05-04 16:00:00,32.95,32.95,32.72,32.72,0,NRG
2020-05-05 09:30:00,33.32,34.11,33.28,33.35,585118,NRG
2020-05-05 10:30:00,33.31,33.34,32.88,33.01,361878,NRG
2020-05-05 11:30:00,33.01,33.12,32.9,33.03,292779,NRG
2020-05-05 12:30:00,33.03,33.14,32.9,33.09,275460,NRG
2020-05-05 13:30:00,33.09,33.13,32.96,32.96,209312,NRG
2020-05-05 14:30:00,32.96,33.1,32.89,32.95,392155,NRG
2020-05-05 15:30:00,32.94,33.02,32.89,32.93,492907,NRG
2020-05-05 16:00:00,32.89,33.11,32.89,33.11,0,NRG
2020-05-05 19:00:00,33.3,33.3,33.3,33.3,0,NRG
2020-05-06 09:30:00,33.05,33.06,32.18,32.45,205828,NRG
2020-05-06 10:30:00,32.46,32.8,32.46,32.66,259128,NRG
2020-05-06 11:30:00,32.66,32.85,32.62,32.78,268115,NRG
2020-05-06 12:30:00,32.79,32.84,32.7,32.78,183080,NRG
2020-05-06 13:30:00,32.78,32.84,32.71,32.76,197185,NRG
2020-05-06 14:30:00,32.76,32.93,32.72,32.78,329869,NRG
2020-05-06 15:30:00,32.78,32.79,32.68,32.74,741175,NRG
2020-05-06 16:00:00,32.73,32.78,32.73,32.78,0,NRG
2020-05-07 09:30:00,32.63,33.03,31.83,32.09,632453,NRG
2020-05-07 10:30:00,32.1,32.23,31.44,31.51,503341,NRG
2020-05-07 11:30:00,31.52,32.22,31.4,32.13,340533,NRG
2020-05-07 12:30:00,32.13,32.22,31.97,31.97,269159,NRG
2020-05-07 13:30:00,31.98,32.33,31.86,32.19,268849,NRG
2020-05-07 14:30:00,32.2,32.2,32.09,32.12,343982,NRG
2020-05-07 15:30:00,32.11,32.2,32.09,32.12,551497,NRG
2020-05-07 16:00:00,32.12,32.12,32.07,32.07,0,NRG
2020-05-07 17:00:00,32.12,32.12,32.12,32.12,0,NRG
2020-05-08 09:30:00,32.5,33.37,32.29,33.17,401768,NRG
2020-05-08 10:30:00,33.16,33.39,32.98,33.21,243841,NRG
2020-05-08 11:30:00,33.22,33.22,32.94,33.03,180484,NRG
2020-05-08 12:30:00,33.02,33.21,32.92,33.15,168426,NRG
2020-05-08 13:30:00,33.15,33.16,32.85,32.9,182775,NRG
2020-05-08 14:30:00,32.9,32.96,32.77,32.92,286061,NRG
2020-05-08 15:30:00,32.92,33.05,32.69,32.77,527988,NRG
2020-05-08 16:00:00,32.77,33.08,32.7,32.77,0,NRG
2020-05-11 09:30:00,32.43,32.43,31.89,32.21,245088,NRG
2020-05-11 10:30:00,32.2,32.53,32.13,32.52,342984,NRG
2020-05-11 11:30:00,32.53,32.67,32.48,32.6,285370,NRG
2020-05-11 12:30:00,32.61,32.75,32.56,32.65,175187,NRG
2020-05-11 13:30:00,32.67,32.76,32.6,32.61,227927,NRG
2020-05-11 14:30:00,32.66,32.74,32.61,32.68,332714,NRG
2020-05-11 15:30:00,32.67,32.69,32.5,32.5,590313,NRG
2020-05-11 16:00:00,32.5,32.5,32.5,32.5,0,NRG
2020-05-11 17:00:00,32.5,32.5,32.5,32.5,0,NRG
2020-05-12 09:30:00,32.52,32.85,32.26,32.29,356293,NRG
2020-05-12 10:30:00,32.29,32.44,32.19,32.33,361963,NRG
2020-05-12 11:30:00,32.33,32.38,32.22,32.3,184969,NRG
2020-05-12 12:30:00,32.3,32.53,32.29,32.41,203218,NRG
2020-05-12 13:30:00,32.4,32.55,32.4,32.44,295542,NRG
2020-05-12 14:30:00,32.44,32.54,32.42,32.47,311598,NRG
2020-05-12 15:30:00,32.47,32.49,32.05,32.06,902138,NRG
2020-05-12 16:00:00,32.07,32.34,32.0,32.07,0,NRG
2020-05-13 09:30:00,32.06,32.06,31.42,31.79,382327,NRG
2020-05-13 10:30:00,31.81,32.04,31.3,31.5,516326,NRG
2020-05-13 11:30:00,31.51,31.68,31.11,31.32,423685,NRG
2020-05-13 12:30:00,31.32,31.5,31.18,31.36,167395,NRG
2020-05-13 13:30:00,31.36,31.49,31.23,31.32,283971,NRG
2020-05-13 14:30:00,31.33,31.39,31.17,31.3,358877,NRG
2020-05-13 15:30:00,31.26,31.84,31.25,31.76,685992,NRG
2020-05-13 16:00:00,31.75,31.75,31.75,31.75,0,NRG
2020-05-13 17:00:00,31.75,31.75,31.75,31.75,0,NRG
2020-05-14 09:30:00,31.24,31.48,30.69,31.44,665011,NRG
2020-05-14 10:30:00,31.45,32.53,31.43,31.94,403998,NRG
2020-05-14 11:30:00,31.94,32.37,31.59,32.22,237757,NRG
2020-05-14 12:30:00,32.23,32.53,32.18,32.45,168801,NRG
2020-05-14 13:30:00,32.46,32.54,32.29,32.39,221393,NRG
2020-05-14 14:30:00,32.41,32.51,32.28,32.47,331247,NRG
2020-05-14 15:30:00,32.47,32.69,32.41,32.67,394169,NRG
2020-05-14 16:00:00,32.65,32.65,31.98,32.65,0,NRG
2020-05-15 09:00:00,32.65,32.65,32.65,32.65,0,NRG
2020-05-15 09:30:00,32.39,32.93,32.01,32.72,412756,NRG
2020-05-15 10:30:00,32.69,32.89,32.52,32.61,334168,NRG
2020-05-15 11:30:00,32.58,32.81,32.47,32.64,256207,NRG
2020-05-15 12:30:00,32.65,32.76,32.51,32.62,224511,NRG
2020-05-15 13:30:00,32.62,32.73,32.51,32.56,174687,NRG
2020-05-15 14:30:00,32.56,32.65,32.5,32.53,374400,NRG
2020-05-15 15:30:00,32.52,32.7,32.52,32.6,586407,NRG
2020-05-15 16:00:00,32.6,32.6,32.58,32.6,0,NRG
2020-05-15 18:00:00,32.7,32.7,32.7,32.7,0,NRG
2020-05-18 09:30:00,33.52,35.08,33.25,35.02,758459,NRG
2020-05-18 10:30:00,35.03,35.37,35.02,35.31,406355,NRG
2020-05-18 11:30:00,35.31,35.44,35.2,35.35,327787,NRG
2020-05-18 12:30:00,35.34,35.37,35.17,35.22,335151,NRG
2020-05-18 13:30:00,35.22,35.54,35.19,35.45,270245,NRG
2020-05-18 14:30:00,35.45,35.55,35.29,35.44,402855,NRG
2020-05-18 15:30:00,35.43,35.83,35.42,35.54,860739,NRG
2020-05-18 16:00:00,35.49,35.65,35.49,35.49,0,NRG
2020-05-18 17:00:00,35.53,35.53,35.53,35.53,0,NRG
2020-05-19 09:30:00,35.27,35.75,35.03,35.62,346606,NRG
2020-05-19 10:30:00,35.63,35.94,35.62,35.92,328308,NRG
2020-05-19 11:30:00,35.94,36.03,35.6,35.6,305533,NRG
2020-05-19 12:30:00,35.61,35.72,35.48,35.67,205885,NRG
2020-05-19 13:30:00,35.67,35.77,35.6,35.72,169346,NRG
2020-05-19 14:30:00,35.73,35.92,35.5,35.84,334791,NRG
2020-05-19 15:30:00,35.83,35.83,35.31,35.34,465455,NRG
2020-05-19 16:00:00,35.3,35.35,35.3,35.35,0,NRG
2020-05-19 17:00:00,35.45,35.45,35.45,35.45,0,NRG
2020-05-20 09:00:00,36.05,36.05,36.03,36.03,0,NRG
2020-05-20 09:30:00,36.15,36.78,36.06,36.48,445064,NRG
2020-05-20 10:30:00,36.47,36.55,35.92,35.97,262752,NRG
2020-05-20 11:30:00,35.97,36.0,35.78,35.93,171681,NRG
2020-05-20 12:30:00,35.94,35.94,35.58,35.7,268934,NRG
2020-05-20 13:30:00,35.7,35.79,35.51,35.79,249935,NRG
2020-05-20 14:30:00,35.78,36.06,35.62,35.63,349321,NRG
2020-05-20 15:30:00,35.62,35.64,35.4,35.51,600545,NRG
2020-05-20 16:00:00,35.5,35.5,35.47,35.5,0,NRG
2020-05-21 09:30:00,35.8,35.94,35.37,35.76,292852,NRG
2020-05-21 10:30:00,35.72,35.96,35.4,35.48,247633,NRG
2020-05-21 11:30:00,35.47,35.63,35.41,35.47,175576,NRG
2020-05-21 12:30:00,35.46,35.62,35.35,35.54,168249,NRG
2020-05-21 13:30:00,35.54,35.68,35.5,35.65,141719,NRG
2020-05-21 14:30:00,35.65,35.69,35.37,35.42,294291,NRG
2020-05-21 15:30:00,35.42,35.45,35.22,35.3,422892,NRG
2020-05-21 16:00:00,35.3,35.51,35.3,35.51,0,NRG
2020-05-22 09:30:00,35.29,35.59,35.12,35.55,191421,NRG
2020-05-22 10:30:00,35.57,35.57,35.08,35.39,218006,NRG
2020-05-22 11:30:00,35.39,35.51,35.32,35.4,144299,NRG
2020-05-22 12:30:00,35.4,35.6,35.4,35.55,98342,NRG
2020-05-22 13:30:00,35.55,35.64,35.46,35.57,159007,NRG
2020-05-22 14:30:00,35.56,35.6,35.44,35.53,208276,NRG
2020-05-22 15:30:00,35.53,35.73,35.53,35.72,345504,NRG
2020-05-22 16:00:00,35.73,35.73,35.72,35.72,0,NRG
2020-05-26 09:30:00,36.58,36.84,36.32,36.81,408672,NRG
2020-05-26 10:30:00,36.82,37.09,36.55,36.61,238906,NRG
2020-05-26 11:30:00,36.61,36.67,36.32,36.44,158069,NRG
2020-05-26 12:30:00,36.42,36.57,36.29,36.48,118838,NRG
2020-05-26 13:30:00,36.47,36.49,36.3,36.32,152652,NRG
2020-05-26 14:30:00,36.32,36.34,35.97,36.03,250304,NRG
2020-05-26 15:30:00,36.02,36.09,35.59,35.74,503303,NRG
2020-05-26 16:00:00,35.73,35.75,35.73,35.75,0,NRG
2020-05-27 08:00:00,36.16,36.16,36.01,36.01,0,NRG
2020-05-27 09:30:00,36.11,36.75,36.08,36.3,476881,NRG
2020-05-27 10:30:00,36.27,36.3,35.68,35.85,243656,NRG
2020-05-27 11:30:00,35.85,36.28,35.84,35.97,357363,NRG
2020-05-27 12:30:00,35.95,36.19,35.85,35.87,167805,NRG
2020-05-27 13:30:00,35.87,36.03,35.79,35.94,152652,NRG
2020-05-27 14:30:00,35.93,36.16,35.92,35.99,185814,NRG
2020-05-27 15:30:00,35.99,36.02,35.88,35.98,545178,NRG
2020-05-27 16:00:00,35.97,36.1,35.97,35.97,0,NRG
2020-05-27 17:00:00,35.97,35.97,35.97,35.97,0,NRG
2020-05-28 09:30:00,36.47,36.47,35.82,36.27,220808,NRG
2020-05-28 10:30:00,36.28,36.76,36.21,36.76,297193,NRG
2020-05-28 11:30:00,36.76,36.79,36.51,36.59,183702,NRG
2020-05-28 12:30:00,36.58,36.81,36.57,36.78,190532,NRG
2020-05-28 13:30:00,36.78,36.83,36.65,36.72,160695,NRG
2020-05-28 14:30:00,36.72,36.88,36.6,36.6,231023,NRG
2020-05-28 15:30:00,36.59,36.63,36.32,36.45,464258,NRG
2020-05-28 16:00:00,36.44,36.44,36.44,36.44,0,NRG
2020-05-28 18:00:00,36.44,36.44,36.44,36.44,0,NRG
2020-05-29 09:00:00,36.44,36.44,36.44,36.44,0,NRG
2020-05-29 09:30:00,36.38,36.46,35.71,35.75,365793,NRG
2020-05-29 10:30:00,35.76,35.8,35.51,35.61,326508,NRG
2020-05-29 11:30:00,35.61,35.82,35.6,35.64,184945,NRG
2020-05-29 12:30:00,35.62,35.78,35.44,35.65,208814,NRG
2020-05-29 13:30:00,35.65,35.92,35.49,35.87,210407,NRG
2020-05-29 14:30:00,35.85,36.24,35.62,36.16,303279,NRG
2020-05-29 15:30:00,36.16,36.22,36.05,36.07,805036,NRG
2020-05-29 16:00:00,36.05,36.05,36.05,36.05,0,NRG
2020-05-29 18:00:00,36.5,36.7,36.5,36.7,0,NRG
2020-06-01 09:30:00,36.06,36.27,35.65,36.24,290200,NRG
2020-06-01 10:30:00,36.25,36.33,36.02,36.2,118468,NRG
2020-06-01 11:30:00,36.2,36.32,36.13,36.22,88222,NRG
2020-06-01 12:30:00,36.22,36.39,36.21,36.38,104253,NRG
2020-06-01 13:30:00,36.38,36.41,36.25,36.31,144685,NRG
2020-06-01 14:30:00,36.29,36.38,36.17,36.18,166953,NRG
2020-06-01 15:30:00,36.18,36.23,36.05,36.1,454946,NRG
2020-06-01 16:00:00,36.09,36.1,36.09,36.09,0,NRG
2020-06-02 09:30:00,36.42,36.5,35.88,36.39,321281,NRG
2020-06-02 10:30:00,36.38,36.4,35.81,36.09,184781,NRG
2020-06-02 11:30:00,36.08,36.17,35.87,35.88,218523,NRG
2020-06-02 12:30:00,35.9,35.98,35.84,35.94,170344,NRG
2020-06-02 13:30:00,35.94,36.07,35.88,35.89,271797,NRG
2020-06-02 14:30:00,35.9,35.94,35.81,35.86,257110,NRG
2020-06-02 15:30:00,35.85,36.0,35.81,35.9,649537,NRG
2020-06-02 16:00:00,35.9,35.9,35.9,35.9,0,NRG
2020-06-03 09:30:00,36.29,36.53,36.14,36.34,512702,NRG
2020-06-03 10:30:00,36.33,36.62,36.08,36.48,475429,NRG
2020-06-03 11:30:00,36.5,36.62,36.29,36.37,193241,NRG
2020-06-03 12:30:00,36.37,36.4,36.12,36.19,209954,NRG
2020-06-03 13:30:00,36.19,36.22,36.12,36.17,220709,NRG
2020-06-03 14:30:00,36.16,36.35,36.13,36.33,265947,NRG
2020-06-03 15:30:00,36.33,36.47,36.26,36.4,696622,NRG
2020-06-03 16:00:00,36.38,36.38,36.33,36.38,0,NRG
2020-06-04 09:30:00,36.2,36.47,35.55,35.99,405575,NRG
2020-06-04 10:30:00,35.99,36.3,35.92,36.29,298434,NRG
2020-06-04 11:30:00,36.28,36.28,36.03,36.19,235423,NRG
2020-06-04 12:30:00,36.19,36.2,35.82,35.82,235428,NRG
2020-06-04 13:30:00,35.82,35.82,35.38,35.44,523387,NRG
2020-06-04 14:30:00,35.44,35.5,35.03,35.28,385064,NRG
2020-06-04 15:30:00,35.28,35.45,35.19,35.45,564277,NRG
2020-06-04 16:00:00,35.44,35.5,35.44,35.5,0,NRG
2020-06-05 09:00:00,36.1,36.1,36.1,36.1,0,NRG
2020-06-05 09:30:00,36.09,36.37,35.66,36.14,531251,NRG
2020-06-05 10:30:00,36.15,36.99,35.79,36.99,496301,NRG
2020-06-05 11:30:00,36.99,37.05,36.38,36.51,484774,NRG
2020-06-05 12:30:00,36.51,36.66,36.4,36.66,331172,NRG
2020-06-05 13:30:00,36.67,36.73,36.43,36.71,363147,NRG
2020-06-05 14:30:00,36.71,36.85,36.62,36.72,940256,NRG
2020-06-05 15:30:00,36.72,36.78,36.62,36.73,814195,NRG
2020-06-05 16:00:00,36.72,36.72,36.47,36.72,0,NRG
2020-06-05 17:00:00,36.72,36.72,36.72,36.72,0,NRG
2020-06-08 08:00:00,37.1,37.1,37.1,37.1,0,NRG
2020-06-08 09:30:00,36.83,37.56,36.8,37.37,703272,NRG
2020-06-08 10:30:00,37.36,37.52,37.22,37.4,275065,NRG
2020-06-08 11:30:00,37.39,37.55,37.31,37.45,177130,NRG
2020-06-08 12:30:00,37.44,38.12,37.43,38.06,275649,NRG
2020-06-08 13:30:00,38.06,38.22,37.82,37.94,288257,NRG
2020-06-08 14:30:00,37.93,37.96,37.72,37.87,284081,NRG
2020-06-08 15:30:00,37.88,38.27,37.86,38.17,491518,NRG
2020-06-08 16:00:00,38.16,38.16,38.0,38.0,0,NRG
2020-06-08 17:00:00,38.16,38.16,38.16,38.16,0,NRG
2020-06-09 09:30:00,37.57,37.75,36.78,36.81,252591,NRG
2020-06-09 10:30:00,36.81,36.95,36.57,36.76,230794,NRG
2020-06-09 11:30:00,36.76,36.82,36.34,36.39,176842,NRG
2020-06-09 12:30:00,36.4,36.6,36.35,36.6,134876,NRG
2020-06-09 13:30:00,36.59,36.6,36.39,36.41,157215,NRG
2020-06-09 14:30:00,36.4,36.6,36.33,36.54,309596,NRG
2020-06-09 15:30:00,36.54,36.54,36.31,36.39,393061,NRG
2020-06-09 16:00:00,36.4,36.4,36.4,36.4,0,NRG
2020-06-09 17:00:00,36.4,36.4,36.4,36.4,0,NRG
2020-06-09 18:00:00,36.4,36.4,36.4,36.4,0,NRG
2020-06-09 19:00:00,36.4,36.4,36.4,36.4,0,NRG
2020-06-10 08:00:00,36.4,36.4,36.4,36.4,0,NRG
2020-06-10 09:30:00,36.34,36.41,35.74,35.81,211465,NRG
2020-06-10 10:30:00,35.77,36.05,35.73,35.89,322451,NRG
2020-06-10 11:30:00,35.9,36.28,35.81,36.21,214205,NRG
2020-06-10 12:30:00,36.2,36.25,36.08,36.14,112356,NRG
2020-06-10 13:30:00,36.14,36.58,36.01,36.51,184826,NRG
2020-06-10 14:30:00,36.52,36.69,36.19,36.69,466893,NRG
2020-06-10 15:30:00,36.69,36.74,36.17,36.17,711089,NRG
2020-06-10 16:00:00,36.18,36.19,36.08,36.08,0,NRG
2020-06-10 17:00:00,36.08,36.08,36.08,36.08,0,NRG
2020-06-11 07:00:00,36.0,36.0,36.0,36.0,0,NRG
2020-06-11 09:30:00,35.31,35.38,34.3,34.38,535427,NRG
2020-06-11 10:30:00,34.39,34.66,34.22,34.47,357830,NRG
2020-06-11 11:30:00,34.49,34.56,34.06,34.12,236175,NRG
2020-06-11 12:30:00,34.11,34.31,33.84,34.05,477023,NRG
2020-06-11 13:30:00,34.05,34.12,33.88,34.02,168512,NRG
2020-06-11 14:30:00,34.0,34.02,33.72,33.77,217659,NRG
2020-06-11 15:30:00,33.75,34.08,33.69,33.77,829558,NRG
2020-06-11 16:00:00,33.79,33.79,33.77,33.77,0,NRG
2020-06-11 17:00:00,33.77,33.99,33.77,33.88,0,NRG
2020-06-11 18:00:00,33.99,33.99,33.99,33.99,0,NRG
2020-06-12 09:30:00,34.59,34.8,34.19,34.19,227147,NRG
2020-06-12 10:30:00,34.21,34.3,33.28,33.56,309913,NRG
2020-06-12 11:30:00,33.55,33.79,33.45,33.6,226577,NRG
2020-06-12 12:30:00,33.6,33.69,33.33,33.37,237640,NRG
2020-06-12 13:30:00,33.38,33.42,33.04,33.4,316509,NRG
2020-06-12 14:30:00,33.4,33.73,33.32,33.4,315870,NRG
2020-06-12 15:30:00,33.4,33.86,33.35,33.68,655816,NRG
2020-06-12 16:00:00,33.68,33.68,33.68,33.68,0,NRG
2020-06-15 09:30:00,32.96,32.97,32.05,32.43,425233,NRG
2020-06-15 10:30:00,32.42,32.85,32.38,32.67,256865,NRG
2020-06-15 11:30:00,32.65,33.0,32.53,32.97,263788,NRG
2020-06-15 12:30:00,32.96,33.3,32.92,33.15,153070,NRG
2020-06-15 13:30:00,33.15,33.51,32.82,33.4,260703,NRG
2020-06-15 14:30:00,33.42,33.47,33.14,33.24,399722,NRG
2020-06-15 15:30:00,33.24,33.45,32.98,33.31,583595,NRG
2020-06-15 16:00:00,33.31,33.31,33.31,33.31,0,NRG
2020-06-15 17:00:00,33.31,33.31,33.31,33.31,0,NRG
2020-06-15 18:00:00,34.0,34.0,34.0,34.0,0,NRG
2020-06-16 09:30:00,34.37,34.8,34.24,34.68,281392,NRG
2020-06-16 10:30:00,34.7,34.74,33.63,34.21,271068,NRG
2020-06-16 11:30:00,34.21,34.3,33.91,34.1,149665,NRG
2020-06-16 12:30:00,34.09,34.39,34.09,34.27,163373,NRG
2020-06-16 13:30:00,34.26,34.34,34.05,34.2,227181,NRG
2020-06-16 14:30:00,34.19,34.28,33.68,33.74,325277,NRG
2020-06-16 15:30:00,33.7,33.87,33.56,33.75,512374,NRG
2020-06-16 16:00:00,33.76,34.04,33.76,33.76,0,NRG
2020-06-16 17:00:00,33.8,33.8,33.8,33.8,0,NRG
2020-06-16 18:00:00,33.75,33.75,33.75,33.75,0,NRG
2020-06-17 07:00:00,33.52,33.52,33.51,33.51,0,NRG
2020-06-17 09:00:00,34.29,34.29,34.29,34.29,0,NRG
2020-06-17 09:30:00,33.88,34.09,33.19,33.24,380400,NRG
2020-06-17 10:30:00,33.25,33.57,33.19,33.46,313233,NRG
2020-06-17 11:30:00,33.46,33.66,33.45,33.51,253490,NRG
2020-06-17 12:30:00,33.49,33.8,33.49,33.76,167169,NRG
2020-06-17 13:30:00,33.77,33.9,33.68,33.76,146181,NRG
2020-06-17 14:30:00,33.76,33.82,33.6,33.68,327069,NRG
2020-06-17 15:30:00,33.69,33.76,33.46,33.59,575869,NRG
2020-06-17 16:00:00,33.59,33.59,33.59,33.59,0,NRG
2020-06-18 09:30:00,33.39,33.84,33.24,33.65,152238,NRG
2020-06-18 10:30:00,33.65,33.76,33.44,33.52,176723,NRG
2020-06-18 11:30:00,33.52,33.6,33.35,33.4,125318,NRG
2020-06-18 12:30:00,33.39,33.41,33.15,33.39,262031,NRG
2020-06-18 13:30:00,33.37,33.51,33.36,33.42,138795,NRG
2020-06-18 14:30:00,33.43,33.62,33.38,33.62,265947,NRG
2020-06-18 15:30:00,33.63,33.72,33.49,33.63,370592,NRG
2020-06-18 16:00:00,33.63,33.63,33.63,33.63,0,NRG
2020-06-18 17:00:00,33.63,33.63,33.63,33.63,0,NRG
2020-06-19 09:30:00,34.19,34.29,33.92,34.0,392808,NRG
2020-06-19 10:30:00,34.0,34.09,33.83,33.93,167093,NRG
2020-06-19 11:30:00,33.93,33.99,33.46,33.59,201306,NRG
2020-06-19 12:30:00,33.6,33.78,33.56,33.61,143226,NRG
2020-06-19 13:30:00,33.6,33.65,33.44,33.58,302389,NRG
2020-06-19 14:30:00,33.6,34.03,33.56,33.92,375624,NRG
2020-06-19 15:30:00,33.91,34.12,33.9,34.08,1136322,NRG
2020-06-19 16:00:00,34.08,34.1,34.01,34.08,0,NRG
2020-06-19 17:00:00,34.08,34.08,34.08,34.08,0,NRG
2020-06-22 09:00:00,34.08,34.08,34.08,34.08,0,NRG
2020-06-22 09:30:00,33.99,33.99,33.18,33.67,288057,NRG
2020-06-22 10:30:00,33.66,33.85,33.53,33.78,378129,NRG
2020-06-22 11:30:00,33.78,34.2,33.77,34.18,183682,NRG
2020-06-22 12:30:00,34.2,34.31,34.12,34.21,207103,NRG
2020-06-22 13:30:00,34.22,34.28,34.08,34.19,171545,NRG
2020-06-22 14:30:00,34.19,34.22,33.98,34.08,239897,NRG
2020-06-22 15:30:00,34.09,34.2,34.08,34.15,514055,NRG
2020-06-22 16:00:00,34.15,34.15,34.15,34.15,0,NRG
2020-06-23 09:00:00,34.15,34.15,34.15,34.15,0,NRG
2020-06-23 09:30:00,34.41,34.46,33.73,33.86,293418,NRG
2020-06-23 10:30:00,33.87,33.89,33.66,33.75,179475,NRG
2020-06-23 11:30:00,33.69,33.79,33.59,33.67,130574,NRG
2020-06-23 12:30:00,33.66,33.74,33.6,33.62,111823,NRG
2020-06-23 13:30:00,33.63,33.67,33.46,33.48,210567,NRG
2020-06-23 14:30:00,33.49,33.49,33.01,33.06,351357,NRG
2020-06-23 15:30:00,33.06,33.13,32.95,32.99,626086,NRG
2020-06-23 16:00:00,33.0,33.0,33.0,33.0,0,NRG
2020-06-23 17:00:00,33.0,33.0,32.99,32.99,0,NRG
2020-06-24 07:00:00,32.75,33.0,32.75,33.0,0,NRG
2020-06-24 09:30:00,32.71,32.96,32.33,32.96,404361,NRG
2020-06-24 10:30:00,32.94,32.99,32.35,32.39,425337,NRG
2020-06-24 11:30:00,32.41,32.41,32.07,32.14,295851,NRG
2020-06-24 12:30:00,32.14,32.41,32.12,32.28,172758,NRG
2020-06-24 13:30:00,32.28,32.64,32.24,32.62,269734,NRG
2020-06-24 14:30:00,32.62,32.88,32.52,32.77,311487,NRG
2020-06-24 15:30:00,32.77,32.83,32.53,32.57,581285,NRG
2020-06-24 16:00:00,32.57,32.57,32.56,32.57,0,NRG
2020-06-24 17:00:00,32.57,32.57,32.57,32.57,0,NRG
2020-06-25 09:30:00,32.38,32.53,32.07,32.4,328466,NRG
2020-06-25 10:30:00,32.41,32.43,31.96,32.29,303478,NRG
2020-06-25 11:30:00,32.29,32.5,32.09,32.49,532912,NRG
2020-06-25 12:30:00,32.5,32.69,32.44,32.68,338084,NRG
2020-06-25 13:30:00,32.67,32.76,32.59,32.65,364207,NRG
2020-06-25 14:30:00,32.65,32.72,32.49,32.65,323158,NRG
2020-06-25 15:30:00,32.66,32.76,32.57,32.63,432344,NRG
2020-06-25 16:00:00,32.65,32.65,32.63,32.63,0,NRG
2020-06-26 09:30:00,32.59,32.59,31.95,32.06,181431,NRG
2020-06-26 10:30:00,32.06,32.11,31.7,31.71,198547,NRG
2020-06-26 11:30:00,31.71,31.75,31.38,31.53,177186,NRG
2020-06-26 12:30:00,31.53,31.69,31.47,31.64,153645,NRG
2020-06-26 13:30:00,31.63,31.68,31.4,31.42,164032,NRG
2020-06-26 14:30:00,31.42,31.53,31.24,31.42,326351,NRG
2020-06-26 15:30:00,31.4,31.69,31.31,31.56,875556,NRG
2020-06-26 16:00:00,31.57,31.6,31.57,31.57,0,NRG
2020-06-26 17:00:00,31.57,31.57,31.57,31.57,0,NRG
2020-06-29 09:30:00,31.86,31.86,31.26,31.75,247662,NRG
2020-06-29 10:30:00,31.74,32.17,31.72,32.15,285995,NRG
2020-06-29 11:30:00,32.15,32.29,32.1,32.2,213619,NRG
2020-06-29 12:30:00,32.19,32.38,32.18,32.38,154785,NRG
2020-06-29 13:30:00,32.37,32.53,32.29,32.51,238198,NRG
2020-06-29 14:30:00,32.51,32.76,32.49,32.74,420488,NRG
2020-06-29 15:30:00,32.76,32.96,32.67,32.94,690825,NRG
2020-06-29 16:00:00,32.94,33.68,32.94,33.68,0,NRG
2020-06-30 09:30:00,32.84,32.85,32.28,32.37,199678,NRG
2020-06-30 10:30:00,32.37,32.79,32.36,32.77,158405,NRG
2020-06-30 11:30:00,32.77,32.8,32.51,32.56,138442,NRG
2020-06-30 12:30:00,32.56,32.58,32.36,32.44,192859,NRG
2020-06-30 13:30:00,32.43,32.49,32.33,32.49,104355,NRG
2020-06-30 14:30:00,32.49,32.5,32.34,32.47,196050,NRG
2020-06-30 15:30:00,32.47,32.68,32.45,32.56,503227,NRG
2020-06-30 16:00:00,32.56,32.56,32.5,32.56,0,NRG
2020-06-30 17:00:00,32.56,32.56,32.56,32.56,0,NRG
2020-07-01 07:00:00,32.45,32.45,32.45,32.45,0,NRG
2020-07-01 09:30:00,32.59,32.95,32.53,32.57,371430,NRG
2020-07-01 10:30:00,32.55,32.66,32.41,32.47,253908,NRG
2020-07-01 11:30:00,32.47,32.94,32.46,32.93,146131,NRG
2020-07-01 12:30:00,32.92,33.1,32.9,33.09,124271,NRG
2020-07-01 13:30:00,33.1,33.15,32.94,33.1,127326,NRG
2020-07-01 14:30:00,33.1,33.28,33.05,33.26,198869,NRG
2020-07-01 15:30:00,33.26,33.31,33.13,33.15,320889,NRG
2020-07-01 16:00:00,33.15,33.15,32.56,33.15,0,NRG
2020-07-01 19:00:00,33.1,33.1,33.1,33.1,0,NRG
